CONV_1/W:0
[[[[-1.27966911e-01  4.06053066e-02 -7.50950128e-02  4.67053130e-02
     1.65455744e-01 -9.69748199e-02 -2.60961577e-02 -1.02089837e-01
     5.73594980e-02  1.20713837e-01 -1.70502305e-01  1.69579815e-02
    -8.43653828e-02  1.14994280e-01 -6.64823549e-03  1.81198731e-01
    -8.64330679e-02  1.02247149e-01  1.84304893e-01 -1.72147319e-01
    -1.43955514e-01 -6.67104498e-02 -2.31170412e-02  4.04737331e-02
    -9.33257714e-02  1.71409041e-01 -3.13720875e-03  5.29042492e-03
     1.00588210e-01  3.09719257e-02  1.30331010e-01  7.85259008e-02]]

  [[ 2.54987869e-02 -6.26477301e-02  3.07750553e-02  4.94454615e-02
     1.34722246e-02  5.04638022e-03 -1.74380362e-01  3.12255416e-02
    -4.24272567e-02  3.57047692e-02  2.06622295e-02  5.87528907e-02
    -3.19718872e-03 -5.92674240e-02 -9.37213525e-02 -6.65906444e-02
    -3.64101194e-02  8.92390534e-02  4.33863997e-02 -2.71006022e-02
    -3.51149887e-02  4.39711139e-02  8.93536881e-02  8.69258400e-03
    -4.63883728e-02  8.37176815e-02 -2.64710840e-02  6.54465705e-02
    -8.08481872e-03  3.05071604e-02  5.43885864e-02  7.73555785e-02]]

  [[ 2.10851524e-02 -1.39372125e-01 -1.74463630e-01 -3.00545618e-02
    -9.22968518e-03 -9.13470089e-02  1.45946652e-01  1.16852894e-01
     6.71114028e-02 -3.39005738e-02 -3.47627662e-02 -1.48760350e-02
     1.09814219e-01  1.62279345e-02 -7.89304525e-02  6.99021220e-02
    -2.95941276e-03 -1.46831900e-01 -5.88032007e-02 -2.86100227e-02
     7.75555596e-02 -2.96993740e-02  4.56924066e-02  1.54039890e-01
     8.57389197e-02 -1.98013131e-02  1.04795136e-01 -6.00662157e-02
     1.06026143e-01  1.16156964e-02  1.10858623e-02  9.33785662e-02]]

  [[ 1.20599717e-02 -8.98206607e-02 -4.08466607e-02  5.33536486e-02
     9.60476995e-02  1.79939538e-01 -1.30018353e-01 -1.83244199e-02
     7.50787929e-02 -1.20688379e-01  1.81851182e-02 -3.12448386e-02
    -6.05388135e-02 -1.56776622e-01  6.34031147e-02  1.53252840e-01
     1.75052900e-02  6.57853484e-02 -1.08198844e-01  1.63998112e-01
    -5.33786453e-02 -8.48320723e-02  4.28438224e-02 -8.75619426e-02
     5.62043190e-02 -2.12756768e-02  9.17651206e-02  1.83752533e-02
    -4.31698151e-02  2.33510938e-02  4.31378186e-02 -2.30575204e-02]]

  [[-1.53982520e-01 -1.05082996e-01  1.65472418e-01  2.26460327e-03
    -9.19759087e-03 -1.28632069e-01  2.14955807e-02 -6.59228191e-02
    -1.79666296e-01  7.25915050e-03 -5.03110997e-02 -3.44879255e-02
    -1.21100679e-01  1.97898373e-01 -3.79906502e-03 -7.04012206e-03
    -6.47589043e-02  1.60340831e-01  1.54865861e-01  1.93144575e-01
     8.20782781e-03 -3.63770872e-02 -1.26080349e-01  1.80859998e-01
     2.66767852e-02  9.15608779e-02  4.78970073e-02 -6.06241077e-03
    -1.35639936e-01  1.29008442e-01  1.06978099e-04  1.14034154e-01]]]


 [[[-1.58156171e-01 -3.39924619e-02 -1.26678139e-01 -1.10911694e-03
    -9.66006052e-03  7.13131577e-02 -4.98771667e-02  8.60481635e-02
    -4.81930387e-04 -1.52841747e-01 -4.36488949e-02 -4.69239354e-02
     6.92490116e-02  2.11940296e-02 -7.88924247e-02 -5.03623039e-02
    -2.68919785e-02 -5.14475070e-02  8.40465650e-02 -8.38309899e-02
    -7.44893178e-02  9.11947191e-02  1.78006187e-01  1.60199940e-01
    -3.28377746e-02 -7.10190311e-02  5.87096848e-02 -1.60445068e-02
    -2.76971180e-02 -1.75430737e-02  5.31894453e-02  3.61480825e-02]]

  [[ 6.71491250e-02 -1.03480302e-01  1.10740766e-01 -6.31312421e-03
     4.80219983e-02  1.27987206e-01 -1.41612506e-02  7.36724958e-02
     9.54107717e-02 -7.18792975e-02 -9.11575630e-02 -2.16639247e-02
    -8.44738632e-02 -8.99602473e-03 -5.81515133e-02  1.96129829e-02
     7.18487129e-02  1.86907247e-01 -5.94368437e-03 -7.36103356e-02
     1.83413908e-01  4.21856120e-02  9.35508832e-02  7.15027452e-02
     4.55173329e-02  1.17454372e-01  1.34021565e-01  4.05590143e-03
     1.27647351e-02  2.64063161e-02  6.12020667e-04  1.88507009e-02]]

  [[-1.99479405e-02  3.27817615e-05  3.01995799e-02  7.73931816e-02
    -8.93265195e-03 -3.70057635e-02 -7.86775798e-02 -1.07084513e-01
    -6.15576617e-02  2.78043039e-02 -8.73964727e-02  7.44184777e-02
    -4.34642620e-02 -1.30703688e-01 -1.78446665e-01  3.91079709e-02
     1.43238395e-01  5.07801808e-02 -8.46492201e-02 -1.72740202e-02
     9.83916223e-03  1.42963111e-01 -8.94028544e-02 -9.69224945e-02
     2.11397689e-02 -9.77248624e-02 -1.40326843e-02  1.23309782e-02
     1.04025438e-01 -1.96593508e-01  1.71696737e-01  1.36765428e-02]]

  [[ 8.20409432e-02  8.55867788e-02 -7.78663456e-02 -5.14290668e-02
     8.60866755e-02 -1.70011614e-02  5.98235950e-02 -5.97070418e-02
    -1.12541109e-01 -7.16105402e-02  1.57814492e-02 -1.50857702e-01
     1.52538285e-01  1.61533892e-01  1.06620282e-01 -4.71841097e-02
     2.02773139e-02 -1.53086141e-01  1.58686459e-01 -5.59411608e-02
    -6.58936752e-03  1.38676837e-01 -1.67866006e-01  2.30804998e-02
     1.85381249e-01  1.82987571e-01  4.57132421e-02 -1.13679580e-01
    -3.13436501e-02  1.38347596e-01 -1.78245381e-01 -1.66338474e-01]]

  [[ 3.13191116e-02 -7.77870268e-02 -1.51924547e-02  1.54776782e-01
     3.71706076e-02  3.69429626e-02  1.48720726e-01 -2.03623567e-02
     9.32246372e-02 -4.85298336e-02 -1.22756816e-01 -8.90135318e-02
     1.04915664e-01  1.54337317e-01 -6.41970783e-02 -7.41150603e-02
    -8.95995721e-02 -1.52941465e-01  7.73527175e-02  4.49747890e-02
    -2.78049596e-02 -7.58248493e-02  9.39309821e-02 -1.33972779e-01
     9.19883996e-02  8.63113925e-02  8.83618668e-02 -1.36258096e-01
    -6.93846494e-02 -4.80887061e-03  1.56811640e-01 -9.24367383e-02]]]


 [[[-3.80647704e-02 -9.23081394e-03 -1.57303885e-01 -1.10338945e-02
     3.97696570e-02 -4.00361344e-02 -1.18765615e-01  4.53213267e-02
    -8.69409963e-02 -7.63181299e-02 -2.34176628e-02  8.37088749e-02
    -1.05024762e-01 -5.22284470e-02  1.37726683e-02  4.37333584e-02
    -8.13002810e-02  3.60917188e-02  1.17686227e-01 -1.21541351e-01
     7.26242065e-02  2.50345040e-02 -1.03260763e-02 -5.50776906e-02
     1.72431134e-02 -6.92091957e-02  1.36071205e-01  7.60640502e-02
    -3.44260596e-02  1.20051041e-01 -9.52145364e-03  1.02733590e-01]]

  [[ 8.45195260e-03  3.46571393e-02 -2.52691004e-02 -1.01181716e-01
     1.13007678e-02 -5.62531278e-02  8.16898644e-02 -9.25675258e-02
     9.61460918e-02  1.40163526e-01 -4.47285995e-02  4.56215590e-02
    -8.02530274e-02  1.36424169e-01 -1.60170034e-01  5.26912697e-03
     3.65586393e-02 -8.49992931e-02 -1.47255972e-01  3.38283293e-02
     2.96485648e-02  1.80869084e-02  6.40603378e-02 -3.04286703e-02
    -4.55651693e-02  6.81390092e-02 -1.63316429e-01  6.74879029e-02
     2.82595996e-02 -1.28980324e-01  2.81146839e-02  3.94915827e-02]]

  [[ 1.09575041e-01  1.54676646e-01 -6.03062473e-02 -1.54617399e-01
     8.83805230e-02  1.71429306e-01  9.52524096e-02  1.93375111e-01
     9.77834463e-02 -3.70265469e-02 -2.32458720e-03 -3.71731445e-02
     3.11594061e-03  1.32858649e-01  9.02878419e-02 -4.32614572e-02
    -1.03461318e-01  2.75064334e-02 -7.43172970e-03 -9.34057385e-02
     3.34704928e-02  8.11019987e-02  1.66540697e-01 -1.78549007e-01
    -6.67968020e-02  8.18900764e-02  1.53170452e-02  7.80298039e-02
     3.58710885e-02 -1.01534603e-03  1.00467000e-02  2.73590758e-02]]

  [[-2.01340280e-02 -1.47900149e-01 -9.90154818e-02  3.35172303e-02
    -2.26437189e-02  1.87257305e-02 -8.29996467e-02  3.16683389e-02
     6.38987571e-02 -1.21462725e-01  3.44607644e-02  2.79934537e-02
     7.20255775e-04  1.16607614e-01 -6.40644506e-02  9.89427119e-02
    -1.55165019e-02 -1.59512073e-01 -6.90484941e-02  1.09249242e-01
     2.63578147e-02 -5.96793070e-02  1.48846611e-01  9.64150876e-02
    -1.22306831e-01  9.06828344e-02 -7.61830211e-02 -5.72443241e-03
    -1.44552112e-01 -1.59854800e-01 -2.86393352e-02  3.60944457e-02]]

  [[ 1.80766024e-02  4.15034816e-02 -1.62920937e-01 -5.43005429e-02
    -6.71521500e-02  1.72709361e-01  4.87599149e-02 -5.81298918e-02
    -3.08087636e-02 -2.64144670e-02  1.04015552e-01 -6.32126108e-02
    -1.14010066e-01 -3.64175136e-03  4.09552939e-02  1.60921708e-01
     8.72112289e-02 -4.80714552e-02  7.93478191e-02  3.75700630e-02
    -6.95815980e-02  8.51103812e-02  1.58532917e-01 -2.87268478e-02
     1.18391879e-01  6.09406605e-02 -8.12489018e-02  4.60557230e-02
     4.85671684e-02  1.11624986e-01  9.77772027e-02  9.66439322e-02]]]


 [[[ 4.60183844e-02 -1.34627879e-01  9.59080905e-02 -1.78692862e-02
    -5.94762117e-02 -1.11782767e-01 -9.62436274e-02 -3.50688621e-02
     1.54184461e-01  5.96143156e-02  1.51230261e-01 -6.14145212e-02
    -8.42615813e-02 -1.78552922e-02  1.84039474e-01 -3.30910683e-02
    -5.50095178e-02 -1.43666327e-01 -9.21890289e-02  3.89213748e-02
    -4.65322257e-04  1.58006445e-01 -5.98061411e-03  5.05798636e-03
     1.12349592e-01 -7.81347454e-02  6.64739534e-02  1.26626551e-01
     6.71318099e-02 -1.88892952e-03 -2.11054906e-02  6.74797073e-02]]

  [[-1.14532635e-01  4.24766093e-02  1.70619726e-01 -5.10219410e-02
    -9.72006246e-02 -4.37044352e-02  2.60033715e-03  1.35349417e-02
    -1.55103058e-02  7.25042298e-02 -3.97840664e-02  2.53047273e-02
    -1.57889519e-02 -4.96189983e-04  9.83286053e-02 -3.02809887e-02
     5.56218298e-03 -1.87311590e-01 -1.76472679e-01 -1.36047810e-01
     5.93986623e-02 -1.54755369e-01 -4.23963740e-02  3.31976428e-03
     6.01152219e-02 -5.74287623e-02  7.30871186e-02 -3.22807841e-02
     2.76753330e-03  9.97864921e-03 -2.20869221e-02  1.43402681e-01]]

  [[ 1.26579359e-01 -5.51925786e-02 -3.52827907e-02  1.02623880e-01
     1.47136912e-01  1.19080972e-02 -2.25698948e-02  1.33286849e-01
    -1.24063455e-01 -2.41898317e-02 -5.51808104e-02  3.78731452e-02
    -9.35800225e-02 -9.99406427e-02  1.56110339e-03  4.76698764e-02
     1.41456677e-02  7.15135857e-02  1.58318818e-01  7.18234628e-02
     3.96969616e-02  6.73158839e-02 -1.29186988e-01 -6.39895275e-02
    -4.01886478e-02 -1.30459055e-01 -5.35127185e-02  7.56495073e-02
     3.80063355e-02  1.84822902e-01 -6.46257699e-02 -1.00317426e-01]]

  [[-2.50906870e-02 -6.47129714e-02  6.14372566e-02  1.58910632e-01
     1.10714287e-01  3.48390862e-02 -9.99182463e-02 -4.43060882e-02
     1.78390250e-01 -1.28700435e-01  3.65661806e-03  4.63862382e-02
     5.99566940e-03  4.37982678e-02 -1.37168244e-01  1.92847684e-01
    -2.41442248e-02 -2.37520915e-02 -1.02647789e-01  2.47131065e-02
    -1.19038835e-01  1.43025862e-02 -5.20491526e-02  3.65467817e-02
     7.34458417e-02 -1.04940936e-01  1.75766289e-01  2.08976492e-02
     4.33284640e-02 -1.63964078e-01  7.52951875e-02  7.92872980e-02]]

  [[-1.46827381e-02 -6.49945065e-02 -1.35879070e-01 -1.70476526e-01
    -1.14438429e-01 -8.89114514e-02 -3.82477534e-03 -3.04263532e-02
    -1.28033524e-02  1.74962014e-01  1.41174689e-01  1.31263629e-01
     1.71658453e-02 -1.33688882e-01  1.53695690e-02  5.25555611e-02
     4.52969037e-02 -1.58737302e-01 -6.24181964e-02  3.97490636e-02
     1.56600490e-01  6.04717433e-03  2.10658591e-02  5.29729091e-02
     1.19813800e-01  4.36324812e-02 -1.05611444e-01 -8.92906934e-02
     7.26263151e-02  1.26674414e-01 -1.17132269e-01  4.94307168e-02]]]


 [[[ 1.71654522e-02  9.77219343e-02  3.50074656e-02 -5.13201877e-02
    -2.78947931e-02 -7.29604736e-02 -1.20519185e-02  1.52597010e-01
     1.56371832e-01 -2.56179012e-02 -1.05527863e-01 -8.98518264e-02
     5.39352112e-02 -4.97425161e-02  7.70752877e-02  1.40434923e-02
    -1.02198340e-01 -4.92218472e-02 -6.96909726e-02 -1.16216086e-01
    -1.05980307e-01 -8.27003419e-02 -3.35586257e-02 -1.00898914e-01
    -7.03121349e-02  1.28153607e-01 -2.50164643e-02  3.29712369e-02
     1.37322652e-03  5.30155525e-02 -1.41406402e-01 -7.73296058e-02]]

  [[ 4.11779881e-02 -5.78000471e-02 -1.49674397e-02  1.84048295e-01
    -1.40319839e-01  8.03348199e-02  1.17336445e-01 -7.56779760e-02
    -7.98568204e-02 -1.41723096e-01  6.88923746e-02 -3.87311392e-02
    -1.47649601e-01 -2.11964771e-02  4.86878641e-02 -6.43166574e-03
     4.97192293e-02  1.48411483e-01 -8.32063556e-02 -1.15285844e-01
     3.56263737e-03  5.52780330e-02  1.11751836e-02  4.27361093e-02
    -1.10191166e-01  4.10453193e-02 -3.84376124e-02 -4.55610789e-02
    -6.98836371e-02  4.12802398e-02 -9.16492194e-02  9.02376026e-02]]

  [[-3.52114514e-02  1.06273636e-01 -1.92189962e-01  4.92069907e-02
     1.47230653e-02 -1.38249844e-01 -6.40615225e-02 -5.25810793e-02
    -1.47181839e-01  5.31563237e-02 -9.65242311e-02  2.70886645e-02
     2.17407383e-03  9.19340625e-02  3.45400758e-02 -1.26461074e-01
    -6.57600686e-02 -5.28864823e-02 -8.77511501e-02 -1.12023048e-01
     4.93243039e-02  8.34762603e-02 -9.61816534e-02 -6.88517615e-02
     1.29938535e-02 -1.04768030e-01  3.28074060e-02 -4.02630642e-02
    -4.68949452e-02  8.31570700e-02 -7.27685681e-03  2.10203584e-02]]

  [[ 1.03959739e-01 -2.31432598e-02 -2.95168627e-02  1.21210227e-02
     8.36377442e-02 -4.58197147e-02  2.43080761e-02 -3.83337736e-02
    -6.10795356e-02 -9.22653228e-02  1.95745930e-01 -1.29549757e-01
     3.36496904e-02 -9.53120738e-02 -1.01591408e-01  1.08392395e-01
    -4.58796695e-02  7.10638911e-02  6.55696392e-02 -1.47587031e-01
     1.34055033e-01 -1.23911232e-01  2.59197708e-02  1.51721016e-01
     5.97183034e-02  6.20490499e-02 -2.81619243e-02 -6.71950206e-02
     1.70687363e-01 -3.31617589e-03 -8.43438059e-02  5.50715141e-02]]

  [[-5.32586575e-02 -6.08301237e-02 -9.23429281e-02 -2.16193367e-02
    -1.07021630e-01  9.63954106e-02  6.20233975e-02 -3.04972176e-02
    -4.77864407e-03 -5.19711599e-02 -4.16361727e-02 -2.54910029e-02
     4.58365828e-02  3.35742044e-03  3.93281020e-02 -7.35683516e-02
     1.16729170e-01  5.03678806e-03 -3.60321328e-02 -7.33950958e-02
     6.80815354e-02  1.03680766e-03 -3.71655114e-02 -1.12079218e-01
    -1.52524784e-01  1.51646703e-01 -7.69427866e-02 -1.27911597e-01
    -1.61199376e-01  7.35609159e-02  1.25136793e-01  7.74434209e-02]]]]
CONV_1/b:0
[0.09989771 0.09909563 0.09978601 0.09810834 0.09841883 0.10165197
 0.10009378 0.09960306 0.09739613 0.10025713 0.09859306 0.10047352
 0.0989835  0.09980217 0.10043775 0.0996033  0.09832364 0.09874509
 0.09974024 0.09960148 0.10014068 0.09808489 0.09973495 0.09998742
 0.09946266 0.09953592 0.0988319  0.09884544 0.09706262 0.10162803
 0.09988888 0.09872027]
COV_2/W:0
[[[[ 6.87435120e-02  7.84029439e-02  6.51193112e-02 ...  4.27831933e-02
     2.24278383e-02  1.31370336e-01]
   [-5.37280925e-02  1.30662099e-01  4.95541580e-02 ...  1.18252598e-02
     5.33611961e-02  3.69675756e-02]
   [ 6.41735345e-02  6.15633614e-02  3.17849480e-02 ... -5.89212291e-02
    -5.91414571e-02  1.12886161e-01]
   ...
   [ 2.66169547e-03  1.95985019e-01  1.05046749e-01 ...  9.86136869e-02
    -4.01410572e-02  6.17396832e-02]
   [-3.43286097e-02  1.43730730e-01 -1.02992944e-01 ...  9.03197564e-03
    -8.84176344e-02 -1.21391743e-01]
   [ 1.45613462e-01 -6.27125427e-02  4.24507745e-02 ...  7.44420290e-02
    -1.86364097e-03  2.38345116e-02]]

  [[-4.67145331e-02 -9.01826099e-02  9.40677151e-02 ... -1.15619565e-03
    -1.59307327e-02  8.73475373e-02]
   [ 3.81271243e-02 -7.25843534e-02  1.20466560e-01 ... -5.32147884e-02
     1.41701028e-01  1.45358622e-01]
   [ 1.09094949e-02 -5.92867061e-02 -4.26947623e-02 ...  4.55648676e-02
    -9.13897157e-03 -2.20216196e-02]
   ...
   [ 1.10329643e-01 -7.85297155e-02 -1.01507373e-01 ...  1.44390832e-03
    -4.39450564e-03  7.94375613e-02]
   [ 5.68001792e-02 -2.01322278e-03  4.87743318e-02 ... -7.81514421e-02
     1.58541679e-01  4.79248837e-02]
   [-9.35860127e-02  1.01970218e-01 -1.66330244e-02 ...  5.02625331e-02
     1.60473078e-01 -5.04715219e-02]]

  [[-8.06028992e-02 -1.22736201e-01  7.22124055e-02 ... -4.02043443e-05
     2.10279953e-02 -1.80519611e-01]
   [ 4.33210544e-02 -1.38475290e-02  1.60306141e-01 ...  3.69440354e-02
    -2.48072725e-02  1.33794010e-01]
   [-4.11207490e-02  1.19565176e-02  1.27521586e-02 ...  1.08068615e-01
     2.48774905e-02 -4.45437618e-02]
   ...
   [ 3.16669568e-02  1.78002834e-01  3.08452956e-02 ... -4.34739515e-02
    -1.83847234e-01  1.11264132e-01]
   [-1.70474753e-01 -9.13840160e-02  1.81025058e-01 ... -1.86494529e-01
    -4.46224064e-02 -4.22316529e-02]
   [-1.10148542e-01 -3.10595054e-02  4.75070439e-02 ...  7.99552575e-02
     9.94051024e-02  1.12222351e-01]]

  [[-3.18223387e-02 -9.42576081e-02  8.11679363e-02 ... -7.21543133e-02
     8.95248428e-02  3.31351571e-02]
   [ 2.04218253e-02  1.64912641e-02  1.33683607e-02 ... -3.52152884e-02
    -1.68951601e-02 -3.55451666e-02]
   [-1.13633731e-02 -1.34183550e-02 -2.09420510e-02 ... -3.18455882e-02
    -2.88241077e-02 -1.13139503e-01]
   ...
   [-4.21400331e-02  1.56939939e-01  1.47778884e-01 ... -1.68430895e-01
     3.20352614e-02 -9.58508328e-02]
   [ 4.16106991e-02 -1.12573922e-01 -7.49408379e-02 ... -9.61249098e-02
    -8.78969580e-02 -7.98366312e-03]
   [-3.13547514e-02  1.52548209e-01 -3.50969918e-02 ...  4.49405797e-02
    -4.41148691e-03 -4.39475626e-02]]

  [[ 1.70285836e-01  4.98067215e-02  1.05184548e-01 ... -1.20509699e-01
    -1.13962479e-01 -8.51861984e-02]
   [ 2.64973976e-02 -7.65449256e-02  2.52000079e-03 ... -5.47906086e-02
     3.57475728e-02  4.77641225e-02]
   [ 1.51848663e-02 -1.66842695e-02 -1.29809260e-01 ... -1.02660187e-01
    -7.66954273e-02  1.32589653e-01]
   ...
   [ 2.64261961e-02 -7.62678161e-02 -1.48035616e-01 ...  1.71951845e-01
    -9.97719467e-02  1.89590510e-02]
   [-2.64278539e-02  7.58423563e-03 -5.20636626e-02 ...  5.49831018e-02
     1.90248474e-01 -1.74294248e-01]
   [ 3.61357257e-02 -1.31100891e-02 -1.57556776e-02 ... -1.51798621e-01
    -1.55239806e-01  2.43195668e-02]]]


 [[[ 2.93131731e-03  1.69273362e-01 -1.69994161e-01 ... -1.45510584e-01
    -3.48996595e-02 -8.31655040e-03]
   [ 5.80452308e-02  7.58312047e-02  2.32198574e-02 ... -1.74293593e-01
    -2.80108936e-02  4.70259078e-02]
   [ 5.84264919e-02 -6.87779114e-02 -9.13825631e-02 ... -5.81042096e-02
    -8.73756409e-03  1.44503579e-01]
   ...
   [ 2.91508827e-02  6.89358786e-02 -2.93520875e-02 ... -4.43518683e-02
     5.61790215e-03  2.02344246e-02]
   [ 1.39222533e-01 -3.87181379e-02 -3.16870250e-02 ... -1.51268154e-01
    -1.17189713e-01 -1.05965644e-01]
   [ 3.63516330e-04 -6.62665814e-02  1.72176450e-01 ...  8.88995640e-03
     1.45570472e-01 -7.10335150e-02]]

  [[-4.08002594e-03  5.96314222e-02  7.34205218e-03 ... -6.21881373e-02
     9.83721986e-02 -8.15613568e-02]
   [ 7.09006786e-02  9.95380804e-02  1.16345547e-01 ... -1.48956060e-01
    -9.88741685e-03 -9.84710753e-02]
   [-1.62993342e-01  5.86185493e-02 -1.99207217e-02 ...  4.94999699e-02
     1.27574757e-01  1.09764025e-01]
   ...
   [ 1.27468646e-01 -8.43855925e-03  6.08155876e-02 ...  3.19978781e-02
    -2.22266112e-02 -4.96339984e-04]
   [ 7.42739812e-02  6.84448108e-02 -2.51474325e-02 ... -1.04097255e-01
    -2.96769533e-02 -3.70862857e-02]
   [ 3.58150192e-02  2.72041798e-05 -5.47683276e-02 ...  3.68674919e-02
    -6.93140849e-02  7.57359490e-02]]

  [[ 1.51910819e-02 -1.56765282e-02  8.99475515e-02 ... -4.12012599e-02
    -1.48042038e-01  8.85375077e-04]
   [-5.45611605e-02  5.13796248e-02  8.72078016e-02 ... -2.78329179e-02
    -8.01078975e-03 -1.14919640e-01]
   [ 1.02706820e-01  1.15217805e-01  1.82891246e-02 ... -1.12709753e-01
     3.65098030e-03  3.91237922e-02]
   ...
   [-3.41991847e-03 -1.03973247e-01  1.28096985e-02 ...  6.91942032e-03
    -2.36697569e-02  1.02140740e-01]
   [ 3.61417830e-02 -1.62546299e-02  3.60200331e-02 ... -9.91548449e-02
    -1.17922323e-02  4.92697172e-02]
   [ 2.22337320e-02 -1.20432470e-02 -1.47651762e-01 ...  1.37731373e-01
    -9.14146304e-02 -5.95091004e-03]]

  [[-3.63470651e-02 -5.08056730e-02 -2.28388770e-03 ...  1.47252306e-01
     8.18881113e-03 -9.81135666e-02]
   [-3.70636024e-02 -7.64423050e-03  1.80252769e-03 ...  2.53196396e-02
     7.44247288e-02  1.40339404e-01]
   [-1.68691173e-01 -7.11628795e-02 -1.19835168e-01 ...  6.21646196e-02
     2.46858485e-02 -4.53300364e-02]
   ...
   [ 1.57073848e-02  4.20154147e-02 -5.59137110e-03 ...  9.45696384e-02
    -1.96241841e-01 -1.91077217e-02]
   [ 3.91941965e-02  1.16553213e-02  1.39714452e-02 ...  2.69287582e-02
     1.64630502e-01 -1.55486390e-01]
   [ 1.94531877e-03  3.21790911e-02  1.20943156e-03 ... -6.77313656e-02
    -1.48050180e-02  1.48765206e-01]]

  [[ 1.33444041e-01 -4.75282371e-02 -1.22098193e-01 ...  1.22677553e-02
    -2.11967174e-02  1.21210299e-01]
   [-6.28491864e-02 -1.46903515e-01 -1.62348643e-01 ...  1.33487925e-01
     1.85644045e-01  6.38480633e-02]
   [ 4.60392237e-02 -1.71705242e-02 -3.45101394e-02 ... -5.77355064e-02
    -1.01728112e-01 -7.91497305e-02]
   ...
   [ 2.03344282e-02  3.31904255e-02 -2.08764710e-02 ...  8.98618847e-02
     5.52389910e-03 -9.20461714e-02]
   [ 6.23822138e-02 -8.16362947e-02 -7.92872235e-02 ...  1.13522187e-01
    -4.11982462e-02 -4.61110175e-02]
   [-4.55292091e-02  8.29821359e-03 -5.59031889e-02 ...  6.28097281e-02
     1.52814863e-02 -6.83216378e-02]]]


 [[[ 2.94772591e-02 -9.72894505e-02 -7.63162002e-02 ... -1.09816240e-02
    -8.97199884e-02  5.43239973e-02]
   [ 1.40220940e-01  2.66920635e-03 -9.66663733e-02 ... -8.60024914e-02
    -5.69968522e-02  6.35038689e-02]
   [-1.30347729e-01 -1.30953863e-01 -2.25644037e-02 ...  1.63105339e-01
    -1.51097227e-03 -1.52990088e-01]
   ...
   [-8.45173746e-02  1.26355201e-01 -5.62091321e-02 ...  1.79872617e-01
     9.14373398e-02 -1.29457876e-01]
   [-1.88817547e-04  6.96825981e-02  8.00689384e-02 ...  3.30944099e-02
     1.52772442e-01  7.12845251e-02]
   [-1.81218669e-01 -6.91755116e-03 -3.02439202e-02 ...  1.51653558e-01
     5.81478812e-02 -1.05081640e-01]]

  [[ 4.26680148e-02  2.51349248e-02 -1.25079796e-01 ... -1.13830110e-02
    -2.35934705e-02 -1.67658761e-01]
   [ 1.27391770e-01  3.64621915e-02 -5.79128321e-03 ... -9.97993276e-02
    -1.03381611e-02  1.85350943e-02]
   [-3.50918509e-02  8.02664533e-02  1.76087946e-01 ... -2.23497562e-02
     7.57585391e-02  1.41589731e-01]
   ...
   [ 1.41513631e-01  1.04029849e-01 -3.70576978e-02 ...  6.23096898e-02
    -7.58611262e-02 -2.05334313e-02]
   [ 3.85507084e-02 -1.60202682e-01 -1.11400411e-02 ... -5.57423905e-02
    -1.81631580e-01  1.48177728e-01]
   [-4.79926765e-02 -8.85497779e-03  4.08638306e-02 ...  7.55101144e-02
    -4.20677252e-02 -3.19917724e-02]]

  [[ 2.12132325e-03  5.47661409e-02  6.55111521e-02 ...  1.04420809e-02
     7.41578639e-02  1.99039117e-01]
   [ 1.07611462e-01  2.21365299e-02 -3.93369719e-02 ... -1.96850672e-02
     1.78641990e-01 -5.25409877e-02]
   [ 1.09638162e-01  2.61219498e-02  1.55596673e-01 ...  3.07988655e-03
     9.29769576e-02 -1.06033035e-01]
   ...
   [ 5.16056307e-02  5.48273884e-03 -1.63694322e-01 ... -5.63243702e-02
     4.01742570e-02  1.38862953e-02]
   [-7.09261920e-04  1.03804000e-01  1.09326378e-01 ... -1.27321541e-01
    -1.68537293e-02  8.79226774e-02]
   [ 1.73938558e-01 -1.34334043e-02 -2.42851600e-02 ...  2.22998559e-02
     1.57272935e-01 -1.88298468e-02]]

  [[ 1.46292392e-02  1.21976808e-02 -1.56882435e-01 ... -1.84407339e-01
     7.05530792e-02  3.66432145e-02]
   [-1.32273003e-01 -8.02314654e-02  6.71025738e-02 ... -2.91951224e-02
     9.52569693e-02  3.83324213e-02]
   [-7.19178319e-02 -9.99293327e-02 -2.64935493e-02 ...  8.42184201e-02
     5.10510579e-02  1.29496325e-02]
   ...
   [-7.57406950e-02  1.18857406e-01  5.21602072e-02 ... -6.75411895e-02
    -5.91495112e-02  4.29128408e-02]
   [ 2.64733694e-02 -1.37709200e-01 -6.76684752e-02 ...  1.37519017e-02
    -6.40724301e-02 -4.40903530e-02]
   [ 5.49086444e-02 -1.00807911e-02  1.48725972e-01 ...  3.44558395e-02
    -3.68513428e-02  1.18144110e-01]]

  [[-3.69280316e-02  3.32158692e-02 -5.65646403e-02 ...  7.03706294e-02
     4.02217992e-02  1.58872619e-01]
   [ 2.64364276e-02 -2.73217745e-02 -1.36338472e-01 ...  3.87187637e-02
     5.20445704e-02  1.43315628e-01]
   [-3.21860798e-02 -3.27889398e-02  1.34364873e-01 ...  9.01209041e-02
     8.61618817e-02 -1.70418814e-01]
   ...
   [ 4.71191714e-03  1.05771355e-01  2.02574357e-02 ...  1.68388829e-01
     3.67611088e-02 -5.20515591e-02]
   [-7.88057745e-02  1.61506012e-02 -3.49372253e-02 ... -8.81658718e-02
     1.44240066e-01 -1.66357726e-01]
   [-2.90774759e-02  2.50375289e-02  9.89103764e-02 ... -7.47673213e-02
    -1.31112695e-01 -5.56976050e-02]]]


 [[[-1.68303311e-01 -5.35736084e-02  5.17540937e-03 ...  4.03686054e-02
     1.74991369e-01  6.60089031e-02]
   [-1.33563235e-01  7.24800006e-02 -3.73775661e-02 ...  1.58667520e-01
    -2.41197068e-02 -9.04415250e-02]
   [-5.90008348e-02 -7.49745918e-03  1.27831951e-01 ... -9.18542668e-02
     1.17943011e-01 -1.21747829e-01]
   ...
   [ 6.64352924e-02 -1.04063608e-01  2.40576398e-02 ...  8.24680403e-02
    -8.39045569e-02 -1.24666048e-02]
   [-1.37076164e-02 -4.66619693e-02 -5.33077754e-02 ...  1.04991056e-01
    -1.57743599e-02  1.30145371e-01]
   [ 7.97718018e-02 -8.24590996e-02  7.80860102e-03 ...  3.63720879e-02
    -8.83744210e-02  2.96796467e-02]]

  [[-1.55025691e-01 -1.53744459e-01  6.34236261e-02 ... -2.45719627e-02
     3.47887874e-02 -2.64358725e-02]
   [ 5.87640703e-02  5.45162782e-02  6.54401165e-03 ... -1.69400737e-01
     2.45601349e-02  1.07243229e-02]
   [ 2.45138537e-02  1.75684378e-01 -1.72229141e-01 ...  5.54971769e-02
    -6.81925043e-02  1.69513021e-02]
   ...
   [ 5.23568653e-02  1.13409953e-02  1.60328666e-04 ...  9.86317322e-02
     2.48710178e-02  7.75739923e-02]
   [ 1.66549310e-01  2.91868709e-02 -9.50892940e-02 ...  9.48268827e-03
    -3.17784399e-02  1.99927017e-01]
   [ 1.69090498e-02  1.00810274e-01 -1.60503790e-01 ... -8.50013830e-03
    -1.92778796e-01  2.12412290e-02]]

  [[-1.39837340e-01 -5.51560596e-02 -8.99427198e-03 ... -1.31895123e-02
    -3.82705852e-02 -7.27048442e-02]
   [-1.87495962e-01 -1.01902880e-01  5.07646240e-02 ... -5.75085245e-02
     4.73400857e-03  1.22019552e-01]
   [ 1.11923493e-01  5.57318926e-02 -1.02753937e-02 ... -2.07448080e-02
    -2.57319398e-02 -7.16756806e-02]
   ...
   [-1.55664533e-01  1.55627355e-01  3.86372469e-02 ...  4.06140983e-02
    -4.93922941e-02  5.93231767e-02]
   [ 2.32958179e-02 -6.60372674e-02  3.71570811e-02 ... -1.06292441e-02
     2.47499123e-02 -6.28153980e-02]
   [-5.06222434e-02  3.59389484e-02  6.58647344e-02 ... -8.89879689e-02
     1.01488858e-01  2.53054947e-02]]

  [[ 6.21817149e-02  1.82158127e-02  1.01505674e-01 ... -1.23870380e-01
     9.42470580e-02 -4.41789739e-02]
   [-4.54133935e-02 -2.00995784e-02  4.48515899e-02 ... -6.67368202e-03
     3.93737666e-02 -1.29376695e-01]
   [-1.20377943e-01  9.63787828e-03 -2.09526811e-02 ... -6.47680759e-02
     8.04053098e-02  7.30590969e-02]
   ...
   [-6.18996285e-02 -1.17691033e-01  5.04604392e-02 ...  6.24798145e-03
    -1.30475551e-01  7.42712691e-02]
   [ 2.40467526e-02 -1.20033048e-01  1.29774036e-02 ... -3.53571400e-02
     4.60826717e-02  8.35583135e-02]
   [-5.10257073e-02  5.04154824e-02 -1.81112830e-02 ...  1.83170065e-02
     9.23402905e-02 -9.28164572e-02]]

  [[ 5.10337092e-02  3.13615538e-02 -3.83026004e-02 ...  7.30025545e-02
     7.01994374e-02  9.65007693e-02]
   [ 4.42370325e-02 -7.76577368e-03 -9.81240999e-04 ... -5.94486371e-02
    -1.44255489e-01 -1.26396522e-01]
   [-1.59183800e-01 -1.79965556e-01 -8.77064839e-02 ... -2.77673882e-02
     1.17769875e-02 -3.32938768e-02]
   ...
   [-6.83872849e-02  5.32511994e-03  1.91504642e-01 ... -1.54308015e-02
    -1.09843783e-01  1.60880655e-01]
   [-1.40131479e-02  6.81418180e-02 -1.11973144e-01 ...  2.01690998e-02
    -3.56099308e-02 -1.80741146e-01]
   [-1.76294090e-03 -7.47420266e-02  3.16506326e-02 ... -6.13742582e-02
     9.54906493e-02 -1.07300952e-02]]]


 [[[-3.74212116e-02  6.84231445e-02  8.37172440e-04 ... -2.38483376e-03
    -2.27039084e-02 -4.32327352e-02]
   [-8.12475458e-02  6.71547055e-02  1.95844248e-01 ...  2.73781586e-02
     2.58494448e-02  1.33690033e-02]
   [ 8.75390321e-03  4.58698310e-02 -3.21136974e-02 ...  1.04964294e-01
     4.38733548e-02  2.01327149e-02]
   ...
   [-5.77276535e-02 -5.75500354e-03  1.02639094e-01 ...  1.18920617e-01
    -1.16893098e-01  1.58300892e-01]
   [-5.38221225e-02  4.56242524e-02  3.07979109e-03 ... -5.19868592e-03
     7.17290565e-02 -1.05369844e-01]
   [ 1.25669185e-02  1.59484148e-02  2.38690861e-02 ... -5.76457605e-02
     1.18015051e-01 -9.14494246e-02]]

  [[ 8.74231979e-02  4.09136117e-02  1.20014988e-01 ...  4.04435806e-02
    -9.34954807e-02 -6.77144751e-02]
   [-1.73472792e-01  4.39717099e-02  7.71424398e-02 ...  1.69929117e-02
     4.67783622e-02 -3.18328179e-02]
   [ 6.19486682e-02 -2.04043947e-02 -1.95705175e-01 ... -8.71654302e-02
     7.17772990e-02 -1.65104508e-01]
   ...
   [ 4.22377773e-02 -4.15313244e-02 -3.68382968e-02 ... -3.54937464e-02
    -4.98724636e-03 -6.83695823e-02]
   [-9.03817415e-02  4.91603799e-02  1.92121007e-02 ...  4.53522522e-03
    -1.34579353e-02  3.68678235e-02]
   [ 1.07810557e-01  5.15504703e-02  7.28678852e-02 ...  6.58184588e-02
     1.71307608e-01  9.48004201e-02]]

  [[ 1.19392224e-01  6.61412627e-02 -1.21616535e-01 ...  1.17180213e-01
    -7.63982087e-02  1.09927692e-01]
   [ 9.34855733e-03 -1.68534033e-02 -1.57452486e-02 ...  6.51850551e-02
     8.71011317e-02  3.49427611e-02]
   [-1.70442790e-01 -1.36310816e-01  1.65892318e-01 ... -5.87537549e-02
    -4.07722779e-02 -4.37122062e-02]
   ...
   [-6.46635517e-02  1.22681670e-01  5.32075390e-02 ...  1.23087376e-01
    -1.18792549e-01  2.55398918e-02]
   [ 6.52306750e-02 -4.09625331e-03  4.18684930e-02 ...  1.76036805e-01
    -3.76353487e-02  7.76003525e-02]
   [ 9.43458229e-02  2.65722107e-02  3.69886830e-02 ...  3.84376310e-02
    -1.21118777e-01  1.30832836e-01]]

  [[ 6.53572306e-02  3.80925983e-02  1.34565486e-02 ...  1.17508873e-01
     4.38203327e-02  9.31475032e-03]
   [-8.14569145e-02  2.81394087e-02  1.05254101e-02 ... -6.88141957e-02
    -1.03216590e-02 -1.97571628e-02]
   [ 4.99782898e-02 -1.52537748e-01 -6.30695894e-02 ...  9.89883021e-02
    -1.86666578e-01  5.45501597e-02]
   ...
   [-3.34546641e-02  3.26608233e-02  5.33163140e-04 ...  7.95538872e-02
    -2.46458836e-02  4.19396758e-02]
   [-1.97128326e-01 -3.49756926e-02  8.53762552e-02 ... -6.95308894e-02
    -6.26250505e-02  9.76000447e-03]
   [ 5.88829396e-03  5.32654747e-02 -1.41814807e-02 ...  1.39371995e-02
     1.34150237e-02 -2.57404391e-02]]

  [[ 5.95554113e-02 -1.11880504e-01  8.73104408e-02 ...  1.89305380e-01
     8.27819258e-02  1.10099260e-02]
   [-1.17985078e-03  3.68107334e-02 -7.19359070e-02 ... -1.33875236e-01
     7.48429149e-02 -3.90865132e-02]
   [ 4.51365672e-03 -3.00732963e-02 -7.68790320e-02 ... -7.35333236e-03
     1.49149626e-01  5.19881770e-02]
   ...
   [-1.11684971e-01 -5.12173511e-02  1.27691597e-01 ... -5.73859513e-02
    -1.45556062e-01  1.79040268e-01]
   [ 5.60682006e-02 -8.51223096e-02 -2.74969302e-02 ... -1.56664569e-02
     1.65027514e-01 -2.54873093e-02]
   [ 4.88079526e-03 -1.13991730e-01  7.76629522e-02 ... -1.57160778e-02
    -7.71418586e-02 -6.36602566e-02]]]]
COV_2/b:0
[0.10218511 0.09966253 0.09987008 0.1001167  0.09952269 0.10131299
 0.09960726 0.09869593 0.0993816  0.09933379 0.09897857 0.09945496
 0.09984691 0.10164704 0.09908631 0.1004563  0.10096538 0.10027134
 0.09902029 0.09940082 0.10011117 0.09845468 0.10071701 0.10066824
 0.10038323 0.09960783 0.10096606 0.09891585 0.09737076 0.10091873
 0.1002937  0.09918685 0.10007105 0.10000549 0.09924142 0.10077778
 0.09867201 0.09996372 0.09922563 0.10084043 0.0991696  0.10045459
 0.09893013 0.09944983 0.09991923 0.09984656 0.10050365 0.10024984
 0.09952502 0.09971835 0.09865905 0.09935154 0.10024087 0.09914672
 0.09927839 0.0992619  0.10105383 0.09918296 0.09933285 0.0998836
 0.10050849 0.10043863 0.09763528 0.10125978]
MLP_1/W_fc:0
[[-1.2293052e-01 -3.2663219e-02  1.3767555e-04 ... -5.6033399e-02
  -6.3773625e-02  4.7940042e-02]
 [ 1.4451411e-01 -2.5721410e-02 -2.4524141e-02 ... -4.5692688e-03
  -3.4268271e-02 -8.2851142e-02]
 [-1.1013416e-01  1.5594117e-01  7.3229432e-02 ...  7.2718717e-02
  -3.0405834e-02  6.6420040e-03]
 ...
 [ 6.1906584e-02 -1.0387095e-01  9.0777598e-02 ...  4.8338134e-02
  -1.9343841e-01 -1.1446228e-01]
 [ 7.6401584e-02  2.8784063e-02  3.6117196e-02 ... -1.0339121e-02
   7.2533451e-02 -2.3416185e-03]
 [-6.0799323e-02  8.6665452e-02 -4.3433592e-02 ... -3.1337727e-02
  -1.4141242e-01 -8.9804500e-02]]
MLP_1/bias_fc:0
[0.09923737 0.09974521 0.09912759 ... 0.1        0.1        0.09993402]
MLP_2/W_fc:0
[[ 0.01487893  0.00859714 -0.10808838 ...  0.06720718 -0.02061003
  -0.02153233]
 [ 0.04442285  0.12033825 -0.06989606 ...  0.02627261 -0.0278343
   0.00891416]
 [-0.015903   -0.03972392 -0.16911232 ...  0.0229109   0.03449454
   0.02185429]
 ...
 [ 0.04578847  0.05683444  0.07203116 ... -0.00183092  0.03967898
  -0.02956157]
 [ 0.03289409 -0.05976142  0.17180088 ...  0.00764564  0.04848026
  -0.05730836]
 [ 0.07679997 -0.05463577  0.15318851 ... -0.06144364 -0.07507769
  -0.06561861]]
MLP_2/bias_fc:0
[0.09951079 0.1003712  0.10035685 0.09975848 0.10043348 0.09987959
 0.09983507 0.10027786 0.10031148 0.10038494]
LossPredict/beta1_power:0
2.1514676e-05
LossPredict/beta2_power:0
0.90298456
LossPredict/CONV_1/W/Adam:0
[[[[-3.54280602e-03 -1.31972414e-03 -2.26985454e-03  1.98155791e-02
     1.70112625e-02 -6.38300506e-03  3.84848891e-03 -1.46172196e-03
    -6.82175066e-03 -5.49913524e-03 -5.27617813e-05  1.48304114e-02
    -4.38400358e-03 -5.80862677e-03 -8.54561571e-03  3.21426109e-04
    -3.16763995e-03 -7.67197460e-03 -5.30347833e-03  2.28269678e-03
     5.03904000e-03 -2.09628721e-03  1.25416433e-02 -1.34391775e-02
     4.00795136e-03  1.85763836e-03 -1.12775546e-02 -3.95042403e-03
    -6.76481007e-03 -1.56095251e-03 -2.40878807e-03  2.39722547e-03]]

  [[ 5.24749793e-03 -1.33613253e-03  9.13001481e-04  1.52460914e-02
     1.23601062e-02 -6.11648662e-03  4.48873593e-03  1.67899858e-03
    -8.21021851e-03 -5.61625464e-03  9.02369851e-04  1.26473708e-02
    -3.42526240e-03 -2.37692147e-03 -4.46333783e-03 -4.03803727e-03
    -5.94402291e-03 -1.60876429e-03 -5.50848339e-03  5.47273667e-04
     5.80274267e-03 -4.05316614e-03  1.59197412e-02 -1.18624512e-02
     6.75678486e-03  3.17143044e-03 -1.72774605e-02 -9.72195296e-04
    -2.20719143e-03 -3.90167465e-03 -8.34104978e-03  4.82899509e-03]]

  [[ 4.82905982e-03  1.82273646e-03  3.40648228e-03  9.22345184e-03
     6.75968640e-03 -4.25281422e-03  3.36879143e-03 -4.06290404e-03
    -2.97815679e-03 -4.21603909e-03  3.19278426e-03  5.90971950e-03
    -8.12547049e-04  5.70455857e-04 -5.43600647e-03 -1.02217076e-03
    -7.39309657e-03 -2.64587160e-03 -6.03916403e-03 -5.80543326e-03
     9.35794413e-03 -4.98994440e-03  1.25492550e-02 -6.36005215e-03
     9.46397241e-03  1.91977411e-03 -1.29577983e-02  3.44434148e-03
    -1.79654802e-04 -7.91580044e-03 -1.03214672e-02  6.06666459e-03]]

  [[ 1.93510880e-03  7.30155385e-04  4.89461329e-03  9.40824859e-03
     5.38356137e-03 -5.61673054e-03  4.78878524e-03 -3.83044966e-03
     8.33572703e-04 -1.10593683e-03  1.28715928e-03 -9.93514666e-04
     5.06490143e-03  1.15802581e-03 -3.52098024e-03 -3.10975499e-03
    -9.04588122e-03 -6.16040919e-03 -3.75451893e-03 -9.11476556e-03
     7.76258809e-03 -8.03071260e-03  4.13536327e-03 -1.28118566e-03
     8.93537886e-03  3.76723311e-03 -1.26556214e-02  5.39634004e-03
     1.01845944e-04 -1.10617336e-02 -1.15270894e-02  5.69600705e-03]]

  [[ 3.36847734e-03  5.92641358e-04  8.07649363e-03  1.30959479e-02
     9.15566692e-04 -9.94377304e-03  6.24213275e-03  3.43770767e-03
     8.35985411e-05  3.22822668e-03 -2.01203907e-03 -6.94918679e-04
     6.62657386e-03 -8.67637689e-04  5.97502454e-04 -2.51976890e-03
    -4.46677348e-03 -9.67938825e-03 -1.46500696e-03 -7.40262074e-03
     5.79592492e-03 -1.05131790e-02  1.64247828e-03  3.50813218e-03
     4.42816550e-03  7.10938219e-03 -1.22159375e-02  5.44612389e-03
    -5.25652058e-03 -1.97672956e-02 -4.76230355e-03  5.91765624e-03]]]


 [[[-2.95268674e-03 -3.60169564e-03 -4.65410529e-04  1.31809926e-02
     1.67348348e-02 -1.25253834e-02  2.00133398e-03  9.69319837e-04
    -8.06125905e-03 -8.67139734e-03  1.16921903e-03  1.10462038e-02
    -1.58147793e-03 -1.74904848e-03 -6.88878307e-03 -3.08567123e-03
    -3.72421741e-03 -4.17850073e-03 -5.35914488e-03 -1.93481753e-03
     1.71907141e-03 -1.14445051e-03  1.33874435e-02 -1.42668132e-02
     1.15399202e-02  3.29738599e-03 -9.39200260e-03 -4.38004354e-04
    -4.61753365e-03  2.00637942e-03 -4.22059745e-03  9.28467046e-03]]

  [[ 6.14275876e-03 -3.23279202e-03  1.18421554e-03  1.27393138e-02
     1.56284831e-02 -1.00499205e-02  1.19538186e-03 -2.03338219e-03
    -7.37022981e-03 -8.44367314e-03  9.44997184e-04  7.02135358e-03
    -1.00850081e-03  8.63683177e-04 -3.59931914e-03 -6.75371010e-03
    -7.79807661e-03  3.25683202e-03 -7.38243107e-04 -3.80420429e-03
     1.60080229e-03 -1.48652238e-03  1.19575486e-02 -1.35738384e-02
     1.29381288e-02  5.30881947e-03 -1.28348712e-02  1.28793984e-03
     2.02813448e-04 -2.89464346e-03 -8.70224461e-03  1.27830775e-02]]

  [[ 3.48583236e-03 -7.66019220e-04  2.92263506e-03  1.00818379e-02
     1.45458430e-02 -3.97883076e-03  1.45870657e-03 -4.86170268e-03
    -3.42720002e-03 -4.43214783e-03  4.16555558e-04  5.56219742e-03
    -1.89927639e-03  4.96642198e-03 -7.15734158e-03 -4.02920553e-03
    -6.32619578e-03  3.61833349e-03 -3.01136170e-05 -1.06267054e-02
     5.72248176e-03 -5.09965140e-03  1.43505456e-02 -6.43866416e-03
     1.78689882e-02  5.30029088e-03 -9.61361825e-03  1.94075739e-03
     4.74947225e-03 -6.43921597e-03 -8.33580364e-03  9.96336434e-03]]

  [[-2.22728658e-03  1.70761719e-03  4.17962437e-03  9.32008401e-03
     1.32978726e-02 -5.54045662e-03  2.55592633e-03 -4.53028036e-03
     4.13373346e-04  1.25986495e-04 -2.45963456e-05  6.51012990e-04
     3.36456974e-03  7.24631548e-03 -7.82407913e-03 -3.94801842e-03
    -3.37289320e-03  3.21975560e-03 -3.60919768e-03 -1.20658576e-02
     6.92989584e-03 -8.60678963e-03  9.53190960e-03 -4.25035087e-03
     1.10085392e-02  4.30519180e-03 -1.10700717e-02  4.11774963e-03
     2.65306374e-03 -1.45642525e-02 -5.70871774e-03  3.53645487e-03]]

  [[-9.54383984e-04  2.98068905e-03  5.57620917e-03  1.03767198e-02
     6.23116130e-03 -1.18683716e-02  9.27540846e-03  3.32505209e-03
    -1.83046865e-03  2.86603370e-03 -1.55336014e-03 -1.48739235e-03
     7.44477054e-03  4.21599299e-03 -1.90047687e-03 -7.24742608e-03
    -4.21980722e-03 -6.83318591e-04 -3.54050705e-03 -8.90951697e-03
     6.79143064e-04 -8.21595080e-03  6.96259458e-03  1.46014732e-04
    -5.03403950e-04  4.84372955e-03 -1.23592159e-02  3.77685204e-03
    -2.98191188e-03 -2.37567015e-02 -5.29942848e-03  5.61725907e-03]]]


 [[[ 9.46528045e-04 -5.39890910e-03 -3.36169498e-04  7.50831934e-03
     1.54199433e-02 -1.27822105e-02  4.32339031e-04 -2.09053932e-03
    -1.38809821e-02 -7.77622871e-03  1.53927272e-03  9.34438594e-03
     9.61300451e-04 -1.47544604e-04 -1.48620736e-02 -4.35651280e-03
    -5.19670034e-03 -2.73352861e-03 -4.65991767e-03 -4.84075537e-03
    -2.87995208e-03  7.41484994e-03  1.48230931e-02 -1.38477264e-02
     1.75224300e-02  1.65180047e-03 -5.42787649e-03  3.77495144e-03
     5.20782778e-05  2.89683696e-04 -5.97804133e-03  1.05233779e-02]]

  [[ 4.16579284e-03 -6.47342252e-03  1.76605850e-03  5.84623264e-03
     2.07586661e-02 -1.01684891e-02  2.25513848e-03 -3.09942709e-03
    -9.75834858e-03 -7.08775641e-03 -1.00872666e-03  3.52863292e-03
     6.81072532e-04  5.33105014e-03 -1.00273397e-02 -8.03591218e-03
    -5.55261597e-03  5.40385116e-03  2.78705312e-03 -6.45896001e-03
    -2.56367400e-03 -1.38722011e-04  1.00668985e-02 -1.47425728e-02
     1.45603837e-02 -2.74502859e-03 -6.77935779e-03  3.62660876e-03
     9.16043762e-03 -3.33772786e-03 -7.12993462e-03  1.12062218e-02]]

  [[ 5.45517076e-04 -2.00124993e-03  2.72941310e-03  2.99960072e-03
     2.29290072e-02 -1.65463868e-03  4.42646816e-03 -4.09952365e-03
    -5.83069632e-03 -1.49238424e-03 -4.77378489e-03  5.84806316e-03
    -2.82599055e-03  6.33213250e-03 -1.13501754e-02 -5.46166906e-03
    -3.58233787e-03  5.28982375e-03  4.16772906e-03 -8.85864720e-03
     3.90592846e-03 -5.44813834e-03  1.36410147e-02 -1.11281518e-02
     1.29082575e-02  1.88494334e-03 -8.23902525e-03  4.21054475e-03
     7.23625068e-03 -7.91394152e-03 -5.94127551e-03  6.26212591e-03]]

  [[-2.79473746e-03  1.29823934e-03  2.17096531e-03  4.34880517e-03
     1.79086328e-02 -1.24464440e-03  9.16184112e-03 -5.85234957e-04
    -5.29146940e-03  1.59342936e-03 -4.38209157e-03  5.24765952e-03
    -3.44082015e-03  6.05105329e-03 -1.09468494e-02 -2.87094666e-03
    -6.51769456e-04  2.09419872e-03 -1.60549139e-03 -6.83120824e-03
     4.73033357e-03 -9.31773148e-03  1.63353123e-02 -2.45433347e-03
     5.34200948e-03  5.65092359e-03 -1.16645126e-02  3.52320867e-03
     3.70010501e-03 -1.43978614e-02 -5.04997931e-03  3.67344217e-03]]

  [[-2.97970674e-03  4.10207175e-03  2.76466459e-03  3.87197384e-03
     1.05754593e-02 -9.37249698e-03  1.59775224e-02  5.68271009e-03
    -5.63873211e-03  4.01742663e-03 -4.68622707e-03  5.68414107e-03
     2.40727444e-03  5.02743479e-03 -3.84201412e-03 -1.01997638e-02
    -4.60687606e-03 -8.57174979e-04 -4.85397736e-03 -3.71981505e-03
     2.50524213e-03 -8.86443071e-03  1.41304377e-02  4.60013654e-03
    -3.92723270e-03  1.03126522e-02 -1.34315705e-02  2.26278882e-03
     1.88595848e-03 -2.72960067e-02 -6.38280716e-03  7.84972496e-03]]]


 [[[ 5.05892420e-03 -4.91091935e-03  8.53368081e-04  5.10132080e-03
     1.39090847e-02 -7.91140273e-03 -3.20880604e-03 -1.15432376e-02
    -1.09315561e-02 -1.00317942e-02  3.50356055e-03  5.51478565e-03
    -1.18035055e-03  4.79888218e-03 -2.06416361e-02 -5.28294174e-03
     3.12221877e-04  2.71268096e-03 -7.66918762e-04 -4.18242067e-03
    -8.51593819e-03  5.78287244e-03  1.08048106e-02 -9.98025574e-03
     1.75101925e-02 -1.93268980e-03 -5.40720578e-03  5.33333700e-03
     4.57035145e-03 -3.23007675e-03 -1.46123802e-03  1.33179631e-02]]

  [[ 5.27001172e-03 -5.12854569e-03  2.06068251e-03  6.72610663e-03
     1.88677404e-02 -5.38220070e-03 -3.76048032e-04 -8.78924131e-03
    -3.97480885e-03 -6.73193904e-03 -3.27885197e-03  4.49210219e-03
    -2.35741463e-04  4.67409519e-03 -1.59067027e-02 -8.68293736e-03
    -3.71702528e-03  4.94359992e-03  2.10307911e-03 -6.18092529e-03
    -4.70557809e-03 -4.57877479e-03  4.70045209e-03 -1.28329117e-02
     1.44569753e-02 -6.93716761e-03 -9.12775006e-03  4.01487527e-03
     1.07241161e-02 -9.03810002e-03 -1.72405387e-03  1.42840510e-02]]

  [[ 2.17203051e-05 -2.72981613e-03  3.77857964e-03  7.52631389e-03
     2.22062822e-02  2.23799539e-03  5.19350637e-03 -9.78633109e-03
    -5.01554646e-03 -1.99656119e-04 -7.07973307e-03  1.07474476e-02
    -2.65180389e-03  1.76393427e-03 -1.69141125e-02 -7.64649594e-03
    -7.60195137e-04  5.79042640e-03  1.73108408e-03 -6.81422651e-03
     3.51082487e-03 -1.04714800e-02  1.02782333e-02 -1.07861096e-02
     1.00079142e-02 -7.17692683e-03 -1.50804650e-02  4.01120540e-03
     8.63734353e-03 -1.26281269e-02 -9.82752535e-04  7.28409225e-03]]

  [[-2.31410516e-03  5.44803974e-04  2.70048855e-03  7.87721109e-03
     1.84991658e-02  3.38676083e-03  1.26387477e-02 -5.53223863e-03
    -2.72613228e-03 -4.86686127e-04 -6.15154020e-03  9.00529511e-03
    -4.72786976e-03  5.32618724e-03 -1.42911542e-02 -9.01403278e-03
     4.77081444e-03  2.75886524e-03 -1.74737989e-03 -3.48577253e-03
     6.67466456e-03 -1.10976873e-02  1.33343590e-02 -2.69085844e-03
     5.88611094e-03  3.71885253e-05 -1.99167691e-02  4.58701886e-03
     5.26514836e-03 -1.77228916e-02 -3.20771872e-03  6.40138052e-03]]

  [[ 1.56167150e-03  1.27905677e-03  9.73616028e-04  2.16341577e-03
     1.15110772e-02 -4.85654315e-03  2.22592764e-02 -1.26140460e-03
    -2.10254453e-03  1.84520590e-03 -2.02321494e-03  6.72978861e-03
     1.58061017e-03  3.87686584e-03 -7.22772256e-03 -8.93636420e-03
     3.31825484e-03  1.59904372e-03 -5.86526934e-04 -2.37041595e-03
     8.71156156e-03 -6.52548252e-03  1.76449139e-02  2.84500117e-03
    -2.84066098e-03  9.96696763e-03 -1.65730137e-02  3.90573544e-03
     6.40500523e-03 -2.74907295e-02 -5.56628779e-03  5.21669863e-03]]]


 [[[ 8.97225458e-03 -2.33307900e-03  1.78648578e-03  5.70651377e-04
     1.27894990e-02 -3.71006224e-03 -1.09405769e-03 -1.03120608e-02
    -3.83550441e-03 -1.06842024e-02  4.01314930e-04  6.89638872e-03
    -2.19225837e-03  8.92654154e-03 -2.87113599e-02 -7.94561580e-04
    -7.15351547e-04  4.26327530e-03  3.12613382e-04 -1.41141645e-03
    -5.03399223e-03  3.43249194e-05  7.21246842e-03 -8.24550912e-03
     1.09481923e-02 -9.04153474e-03 -4.09986405e-03  5.08523872e-03
     6.54707197e-03 -1.09948032e-02  2.72018416e-03  1.34425014e-02]]

  [[ 5.55618014e-03 -3.24936584e-03 -5.24601201e-04  7.55531853e-03
     1.68691762e-02  3.60996579e-03  5.75328711e-03 -1.03567019e-02
    -1.24244776e-04 -3.50583065e-03 -3.14681511e-03  8.29065312e-03
    -6.47178269e-04  4.22621984e-03 -2.49208808e-02 -4.04081726e-03
     6.22681924e-04  1.33256125e-03  1.33136683e-03 -1.83322118e-03
     1.66484457e-03 -7.89210573e-03  2.94882338e-03 -8.48690793e-03
     7.36408494e-03 -8.91882181e-03 -9.88588668e-03  4.03023441e-04
     1.09847002e-02 -1.40931122e-02 -2.07957346e-04  1.30498121e-02]]

  [[-8.56756000e-04 -8.28064280e-04  3.06074321e-03  1.15571134e-02
     1.75367463e-02  2.90072616e-03  9.66237206e-03 -1.09427758e-02
    -1.68282178e-03 -5.96693135e-04 -8.45440477e-03  1.24717560e-02
     2.09928746e-03  1.95968337e-03 -1.97893977e-02 -5.69693279e-03
     6.86407462e-03  1.90046267e-03 -1.64893013e-03 -2.08127755e-03
     5.08329086e-03 -9.09880921e-03  7.46372994e-03 -6.76093809e-03
     5.69576491e-03 -2.57036299e-03 -1.66013688e-02 -3.46323964e-03
     1.08281504e-02 -1.38837043e-02 -2.34122202e-03  1.19408984e-02]]

  [[-4.24075872e-03  1.89994322e-03  2.78577092e-03  9.95794591e-03
     1.63903590e-02  5.09240665e-04  1.41560566e-02 -6.35392731e-03
     2.49557383e-03 -2.51953793e-03 -6.39244495e-03  1.07440902e-02
     2.88596563e-03  1.95240136e-03 -1.27349198e-02 -1.39699969e-03
     7.43384752e-03 -1.44579425e-03 -3.22737359e-03 -2.59709940e-03
     7.54395360e-03 -5.11683291e-03  1.31474715e-02 -4.64339275e-04
     2.86095543e-03  4.63501643e-03 -1.92783009e-02 -1.20123615e-03
     1.24623282e-02 -1.82040371e-02 -4.24285885e-03  9.11640562e-03]]

  [[-1.49817183e-03  1.43334339e-03  2.61168228e-04  2.11736769e-03
     1.17568979e-02 -7.16687785e-03  2.23867074e-02 -7.11839925e-03
     3.10477102e-03 -5.22928312e-04 -1.08619512e-03  1.22442534e-02
     1.97183981e-05 -1.32104033e-03 -8.22655857e-03 -3.39085446e-03
     3.65388440e-03 -3.03321425e-03 -1.15013123e-03 -3.30083747e-03
     1.11471098e-02  1.80596882e-03  1.56289097e-02  4.46524099e-03
    -1.75945903e-03  1.45234903e-02 -1.77461691e-02  2.18871376e-03
     1.28230033e-02 -2.48119347e-02 -2.68293428e-03  7.79355457e-03]]]]
LossPredict/CONV_1/W/Adam_1:0
[[[[4.25196595e-05 4.46380800e-05 1.89966267e-05 2.26078497e-04
    1.81844036e-04 7.02099860e-05 3.14543104e-05 1.18407283e-04
    1.25224120e-04 1.00265825e-04 1.33357316e-05 1.52292021e-04
    4.51665983e-05 1.29757638e-04 1.03336970e-04 2.54400744e-04
    4.90339007e-05 1.41102297e-04 1.58790557e-04 2.07130179e-05
    6.09367416e-05 1.39595038e-04 1.79487601e-04 1.37150855e-04
    6.64128893e-05 7.44900026e-05 1.45797036e-04 9.72229464e-05
    1.34004120e-04 1.90076695e-04 1.15006398e-04 1.55085640e-04]]

  [[7.85060984e-05 8.69887754e-06 2.22489834e-05 1.87806509e-04
    1.82409844e-04 1.03108418e-04 3.65163687e-05 1.39092139e-04
    1.76968169e-04 5.87046779e-05 1.84909877e-05 1.57030416e-04
    4.57606257e-05 8.48944037e-05 4.88647493e-05 1.89448940e-04
    7.30301763e-05 1.09161927e-04 1.13394046e-04 3.01512173e-05
    8.24507297e-05 1.44523685e-04 2.20788803e-04 1.29659253e-04
    9.52587725e-05 7.69014805e-05 1.83992306e-04 1.00014833e-04
    1.50431530e-04 1.70630316e-04 1.28040207e-04 1.60227210e-04]]

  [[1.06553300e-04 6.10052075e-06 2.70797336e-05 1.42497141e-04
    1.67359452e-04 1.18234821e-04 7.78980830e-05 1.15224895e-04
    2.28340054e-04 3.26465743e-05 3.36901794e-05 8.42454610e-05
    5.42843482e-05 7.01993777e-05 6.33999298e-05 2.39103043e-04
    9.86465675e-05 6.75495976e-05 5.60749831e-05 5.91436219e-05
    1.37084586e-04 1.67438047e-04 1.58104158e-04 1.19810065e-04
    1.52142587e-04 7.65098157e-05 2.22945950e-04 8.14059240e-05
    1.45593411e-04 1.55322283e-04 1.00929894e-04 1.48824445e-04]]

  [[1.00167228e-04 7.25347354e-06 2.43189879e-05 1.25370265e-04
    1.56994254e-04 1.40141870e-04 8.35216342e-05 7.96599852e-05
    1.80285657e-04 1.37000034e-05 6.94924820e-05 3.20477156e-05
    7.13313129e-05 7.57217567e-05 1.16692849e-04 2.47241289e-04
    9.49117748e-05 6.06822941e-05 7.56773588e-05 1.25446095e-04
    1.24187412e-04 1.43329584e-04 8.66756818e-05 1.13392889e-04
    1.97327288e-04 1.12397553e-04 2.20594840e-04 6.65229527e-05
    7.11734974e-05 1.86498481e-04 8.04067677e-05 1.21232973e-04]]

  [[9.39391757e-05 5.46134970e-06 3.85393651e-05 1.33260721e-04
    1.38801915e-04 1.06776315e-04 1.02313192e-04 5.20038775e-05
    8.71132652e-05 3.83037077e-05 7.74564178e-05 2.19629019e-05
    5.75806152e-05 8.60927757e-05 1.21033117e-04 1.82302858e-04
    6.66964406e-05 7.39225870e-05 1.07283384e-04 1.48994150e-04
    9.57253724e-05 1.17182419e-04 6.61447193e-05 1.29221051e-04
    1.52686160e-04 1.83521013e-04 2.42004811e-04 6.03472035e-05
    5.35446670e-05 2.41464673e-04 8.44686583e-05 1.38339732e-04]]]


 [[[4.57465903e-05 2.79695687e-05 1.86193211e-05 1.95758461e-04
    1.75763285e-04 8.18357221e-05 3.55981865e-05 1.44796388e-04
    1.57424787e-04 5.74188671e-05 1.72755754e-05 1.40080141e-04
    3.97745680e-05 7.29914391e-05 7.51383486e-05 1.99907910e-04
    5.01250615e-05 1.27624997e-04 1.17285024e-04 1.61783410e-05
    8.75469777e-05 1.43613957e-04 2.58852844e-04 1.40727934e-04
    8.54307291e-05 7.60737676e-05 2.51563615e-04 1.02100967e-04
    1.49599568e-04 1.79051742e-04 1.19099510e-04 1.66830549e-04]]

  [[1.18540862e-04 1.40012644e-05 3.72512477e-05 1.46781371e-04
    2.09321151e-04 1.09121473e-04 7.00913661e-05 1.22193174e-04
    2.10911632e-04 6.52793169e-05 1.72768050e-05 1.33789319e-04
    2.81359953e-05 5.63304493e-05 5.45212824e-05 1.92414969e-04
    8.15432650e-05 1.01015306e-04 7.70126935e-05 2.23339339e-05
    9.66531152e-05 1.65083649e-04 2.53621081e-04 1.14687995e-04
    1.33923517e-04 8.51592049e-05 2.77507701e-04 1.04932442e-04
    1.49822488e-04 1.49180894e-04 1.19558907e-04 1.74286426e-04]]

  [[1.42453588e-04 1.70881358e-05 2.92700388e-05 1.33605979e-04
    2.06250246e-04 1.27218664e-04 1.11070098e-04 9.82454076e-05
    2.13969877e-04 2.37951244e-05 3.46148991e-05 8.39351414e-05
    4.14875649e-05 6.30822396e-05 7.65514123e-05 2.17146269e-04
    1.02697137e-04 5.36731350e-05 5.74629557e-05 5.41237423e-05
    1.08783548e-04 1.87872938e-04 1.47183135e-04 9.03751643e-05
    1.69183579e-04 7.43122000e-05 2.02904499e-04 7.71919731e-05
    1.07687672e-04 1.31557623e-04 1.09811801e-04 1.32244561e-04]]

  [[1.58308321e-04 1.58285147e-05 1.88002159e-05 1.09342247e-04
    2.04993674e-04 1.11609072e-04 1.42233883e-04 7.41062395e-05
    1.48117178e-04 3.72527438e-06 7.55351211e-05 2.31798658e-05
    9.04312619e-05 8.66747650e-05 1.13452006e-04 2.07430698e-04
    9.31694085e-05 2.67318392e-05 1.01059282e-04 9.80680925e-05
    9.72085982e-05 1.90427279e-04 1.19396747e-04 9.45622523e-05
    2.03518895e-04 1.23321472e-04 1.81847412e-04 4.76211571e-05
    3.86493230e-05 2.05085991e-04 8.62986708e-05 9.30983297e-05]]

  [[1.57734525e-04 8.57426585e-06 1.47788141e-05 1.26710991e-04
    1.71396052e-04 9.43922932e-05 1.63898221e-04 6.28490088e-05
    1.21762889e-04 1.53855490e-05 8.84100955e-05 1.70233234e-05
    8.98982908e-05 9.03196196e-05 1.00500074e-04 1.78107701e-04
    7.76781089e-05 2.60247725e-05 1.20066521e-04 1.32002664e-04
    6.81852616e-05 1.36462870e-04 1.65018602e-04 8.59708380e-05
    1.66003811e-04 1.61585835e-04 1.67858219e-04 3.49801958e-05
    5.49281867e-05 2.36996755e-04 1.01883197e-04 1.11286732e-04]]]


 [[[1.06467429e-04 3.16334554e-05 4.00226891e-05 1.03821083e-04
    1.67246690e-04 6.54121759e-05 5.08788762e-05 1.24277620e-04
    1.53295710e-04 6.08507653e-05 4.52979184e-05 1.37340423e-04
    8.04417232e-06 7.02479301e-05 1.21182362e-04 1.66092999e-04
    4.98672925e-05 8.60806176e-05 7.80043483e-05 1.99639198e-05
    9.08904767e-05 1.22782629e-04 2.49019067e-04 1.06948464e-04
    1.36155009e-04 7.52207779e-05 3.01147433e-04 1.08573207e-04
    1.54804366e-04 1.32696718e-04 8.44332462e-05 1.94444292e-04]]

  [[1.65742749e-04 2.97050592e-05 4.61976961e-05 8.67382769e-05
    2.02500974e-04 8.44935712e-05 1.20897872e-04 1.18829696e-04
    2.07944249e-04 6.75121919e-05 4.18453237e-05 1.47432234e-04
    6.06836056e-06 7.94720399e-05 1.05291627e-04 1.59634496e-04
    7.28275991e-05 6.68856956e-05 4.37847993e-05 2.98099621e-05
    1.03674698e-04 1.11103953e-04 2.38576773e-04 9.18936130e-05
    1.47262137e-04 8.67933195e-05 1.94958484e-04 1.15508192e-04
    1.47385887e-04 1.15650451e-04 7.06838837e-05 1.83890399e-04]]

  [[2.37533910e-04 3.30815128e-05 2.21254686e-05 1.00810808e-04
    2.67503812e-04 1.30502900e-04 1.42598685e-04 1.50718231e-04
    1.61799268e-04 1.75653859e-05 6.43645471e-05 8.73095414e-05
    2.57054162e-05 1.03889899e-04 1.27768770e-04 1.87981830e-04
    7.82123898e-05 4.62030075e-05 5.90470991e-05 5.54033140e-05
    1.20830548e-04 1.20465673e-04 1.95643821e-04 6.27817135e-05
    1.52054621e-04 8.42588997e-05 1.01515128e-04 8.64029716e-05
    8.92811149e-05 1.48322797e-04 7.00898381e-05 1.49690444e-04]]

  [[2.27964745e-04 1.63648238e-05 6.59181114e-06 9.32949697e-05
    2.39483779e-04 1.22558995e-04 1.28337080e-04 1.15954055e-04
    1.32143046e-04 8.24951985e-06 1.21293335e-04 4.44605103e-05
    7.44425924e-05 1.15614450e-04 1.05795356e-04 2.41357018e-04
    9.31715549e-05 1.29842374e-05 8.51967343e-05 9.49069872e-05
    9.76544179e-05 1.32439382e-04 2.05582022e-04 9.17017605e-05
    1.50125357e-04 9.81157136e-05 8.93919350e-05 6.00074382e-05
    6.83206817e-05 1.44695601e-04 7.42017364e-05 1.48383391e-04]]

  [[1.98691734e-04 1.60448708e-05 3.52018765e-06 8.39116619e-05
    1.72336397e-04 1.15414608e-04 1.38826435e-04 8.12762955e-05
    1.27406311e-04 3.30660478e-05 1.81684605e-04 5.61687302e-05
    8.66802220e-05 1.20855693e-04 1.07073618e-04 2.45385512e-04
    1.03463266e-04 7.61606680e-06 1.09380519e-04 1.02034515e-04
    7.86887031e-05 1.33126057e-04 2.79971253e-04 1.02731232e-04
    1.53968052e-04 1.33582042e-04 9.95368537e-05 4.72041247e-05
    1.15253926e-04 2.20581438e-04 9.35708595e-05 1.99750968e-04]]]


 [[[1.53182176e-04 2.91344586e-05 7.92652063e-05 7.25650461e-05
    1.40979493e-04 4.63174983e-05 8.59371430e-05 1.55347734e-04
    1.94546956e-04 7.66781959e-05 9.18937149e-05 8.91142845e-05
    6.89777517e-06 8.19621637e-05 2.44277238e-04 1.19887147e-04
    4.53818611e-05 4.77549183e-05 4.30813780e-05 2.27803976e-05
    1.01186633e-04 1.15546318e-04 1.98157519e-04 7.39697571e-05
    1.71940075e-04 7.34110072e-05 2.53221631e-04 1.09107561e-04
    1.58466544e-04 1.47335435e-04 5.18033448e-05 1.91508050e-04]]

  [[1.68044455e-04 3.67678222e-05 5.19205933e-05 1.01419413e-04
    1.68926577e-04 6.53550087e-05 1.28285319e-04 1.46426653e-04
    1.64657933e-04 6.11265277e-05 7.39122843e-05 1.15056326e-04
    5.56497343e-06 9.63492275e-05 2.45784671e-04 1.25453866e-04
    7.12077235e-05 4.18888194e-05 2.73077439e-05 2.76610335e-05
    1.22060999e-04 6.72665483e-05 2.01460090e-04 6.51413138e-05
    1.62592070e-04 7.72326894e-05 1.44008227e-04 1.05321415e-04
    1.25295395e-04 1.63982375e-04 4.34516878e-05 2.03626201e-04]]

  [[2.73355749e-04 3.32078889e-05 1.44319329e-05 1.36782910e-04
    2.45519797e-04 9.83172868e-05 1.15442112e-04 1.51585729e-04
    9.35032658e-05 2.07876619e-05 9.67417363e-05 1.14908798e-04
    2.69940356e-05 9.77462332e-05 1.83177632e-04 1.84661883e-04
    7.27926454e-05 4.37165763e-05 6.65189655e-05 4.81507050e-05
    1.38652118e-04 9.24973720e-05 1.65296355e-04 7.61441261e-05
    1.49278465e-04 5.85531998e-05 1.10695335e-04 7.89377664e-05
    1.01787809e-04 1.89288388e-04 4.57605820e-05 1.78709655e-04]]

  [[2.30754726e-04 1.50935548e-05 4.07680955e-06 1.21342717e-04
    2.23817246e-04 1.30551474e-04 9.45597421e-05 1.01711601e-04
    1.21905920e-04 1.79119816e-05 1.97046829e-04 8.74114485e-05
    7.57566959e-05 1.01814047e-04 1.13556722e-04 2.20221627e-04
    9.88514803e-05 2.17154866e-05 8.17693872e-05 6.30726136e-05
    1.22532801e-04 1.07065644e-04 2.16649278e-04 1.24815633e-04
    1.48283871e-04 6.45906257e-05 1.05908148e-04 5.41077025e-05
    1.39806085e-04 1.33146357e-04 5.89292540e-05 2.48050870e-04]]

  [[1.75407593e-04 1.40440125e-05 2.04490220e-06 7.97235480e-05
    1.16503470e-04 1.13198759e-04 1.08152795e-04 8.41788278e-05
    1.33695139e-04 6.75931442e-05 2.58571847e-04 1.02108046e-04
    8.42523368e-05 8.38733977e-05 1.26258703e-04 2.06786513e-04
    1.27403124e-04 2.10411563e-05 8.13534934e-05 5.58441789e-05
    1.41572469e-04 1.08801563e-04 2.96678452e-04 1.34494723e-04
    1.28205778e-04 1.34941816e-04 8.31711004e-05 3.66805798e-05
    1.69182022e-04 2.00200666e-04 7.48697057e-05 2.58698914e-04]]]


 [[[1.57552728e-04 6.87988504e-05 9.61503320e-05 7.26351645e-05
    1.16804054e-04 6.18770864e-05 1.16411902e-04 1.94579901e-04
    1.72852582e-04 6.16426332e-05 8.15878229e-05 7.17203584e-05
    3.07252267e-05 7.12748297e-05 3.08593124e-04 1.37089097e-04
    5.00924543e-05 7.05131242e-05 2.93776357e-05 1.30759654e-05
    7.06241190e-05 9.82239144e-05 1.58788534e-04 7.00492674e-05
    1.04213257e-04 8.06782555e-05 1.47311192e-04 7.23671619e-05
    1.32611429e-04 1.62986835e-04 3.71720998e-05 1.45079175e-04]]

  [[1.99735470e-04 4.62409807e-05 4.69550068e-05 1.11289584e-04
    1.48503532e-04 9.44306885e-05 1.41659781e-04 1.40138785e-04
    1.01548700e-04 3.06544352e-05 9.10716844e-05 8.99267543e-05
    2.29495272e-05 8.98539292e-05 2.85115471e-04 1.21024597e-04
    6.21218642e-05 7.16844806e-05 3.19032406e-05 1.87536862e-05
    9.51603288e-05 8.01871356e-05 1.48637177e-04 9.00465166e-05
    9.29079033e-05 6.05471250e-05 9.83352875e-05 6.39231148e-05
    9.73241622e-05 1.88078338e-04 3.67399844e-05 1.90027189e-04]]

  [[2.54506245e-04 5.05743847e-05 1.05344889e-05 1.28556116e-04
    2.14344356e-04 8.15691237e-05 9.76115480e-05 1.10253502e-04
    5.98706902e-05 2.84986781e-05 1.26405517e-04 1.01386286e-04
    5.11959915e-05 1.00666140e-04 1.77386275e-04 1.31726236e-04
    5.70400334e-05 5.98225124e-05 5.68588111e-05 3.35725599e-05
    1.42490157e-04 9.46354266e-05 1.36031915e-04 1.17703021e-04
    1.18138531e-04 6.16461039e-05 1.23228674e-04 6.01395841e-05
    1.08615772e-04 1.72626736e-04 4.91575738e-05 2.13295309e-04]]

  [[2.46970129e-04 2.91145316e-05 6.61604690e-06 1.38071482e-04
    1.89095546e-04 1.02008402e-04 9.91428096e-05 7.68207756e-05
    9.71904010e-05 3.45262160e-05 2.20767310e-04 6.97416035e-05
    9.36999422e-05 6.53405586e-05 1.14763825e-04 1.49671847e-04
    8.82294844e-05 6.49860231e-05 7.38458548e-05 3.76592143e-05
    1.65406775e-04 9.06492423e-05 2.03475633e-04 1.61613934e-04
    1.15471477e-04 9.52171758e-05 1.09628578e-04 3.86491483e-05
    1.52507317e-04 1.48331354e-04 7.03380429e-05 2.36880835e-04]]

  [[1.63025004e-04 3.03324614e-05 6.24423865e-06 9.28759619e-05
    1.10772169e-04 1.11329406e-04 1.16136951e-04 7.70826955e-05
    1.24442886e-04 5.93071491e-05 2.13821986e-04 8.13042352e-05
    1.03648279e-04 5.59246400e-05 1.68945073e-04 1.52574503e-04
    1.34894464e-04 8.90804586e-05 6.68081993e-05 3.66849490e-05
    1.74100787e-04 1.07025939e-04 2.40213922e-04 1.33649199e-04
    9.46395085e-05 1.41444150e-04 7.96279928e-05 2.36503456e-05
    1.34923306e-04 2.01870629e-04 1.10416229e-04 2.14947286e-04]]]]
LossPredict/CONV_1/b/Adam:0
[ 8.59384239e-03 -3.18792486e-03  8.40768684e-03  4.04606797e-02
  2.22154781e-02 -1.04114208e-02  4.92667258e-02 -4.23348844e-02
 -6.37353864e-03 -3.44629362e-02 -1.69579033e-02  5.89948520e-02
  9.13068652e-05  3.13883368e-03 -5.13648707e-03 -4.10796516e-02
 -2.25554053e-02 -5.03014773e-02 -3.25623713e-02 -5.10534197e-02
  1.63726769e-02 -8.92033917e-04  5.06599098e-02 -3.70952524e-02
  4.05312330e-02  4.60508950e-02 -3.14533859e-02  2.17699371e-02
  6.37015514e-03 -2.17558350e-02 -1.25362035e-02  5.98474231e-04]
LossPredict/CONV_1/b/Adam_1:0
[0.00117182 0.00176968 0.00088783 0.0007373  0.00070287 0.00035867
 0.00159816 0.00105461 0.0010703  0.00162982 0.00177537 0.00175633
 0.00045926 0.00081359 0.00074603 0.00242041 0.00056178 0.00079892
 0.00124473 0.00160643 0.00091932 0.0004014  0.00300723 0.00095155
 0.00123601 0.0013166  0.00266723 0.00116517 0.00045458 0.00119021
 0.00066318 0.00127754]
LossPredict/COV_2/W/Adam:0
[[[[-2.35104701e-03  1.70437305e-03  1.44419639e-04 ...  1.06730720e-03
     3.76107695e-04  9.89118242e-04]
   [-3.96918011e-04  3.11344047e-04  8.77519837e-04 ...  7.60755502e-05
    -2.44660390e-04  2.74417049e-04]
   [-8.04176787e-04  4.25666483e-04  6.38505560e-04 ...  2.67436611e-04
    -7.36212533e-05  9.32675321e-05]
   ...
   [-3.24639003e-03  1.88293646e-03  1.21096487e-03 ...  1.71641121e-03
    -4.34826943e-05  7.59603805e-04]
   [-1.89232291e-03 -2.52094876e-04  3.85210471e-04 ...  5.30380290e-04
    -7.75766603e-05  2.73256213e-04]
   [-4.51320037e-03  1.49063393e-03 -1.03030994e-04 ...  1.68158836e-03
    -1.39571668e-03  6.39078149e-04]]

  [[-1.30692869e-03  1.50207826e-03  1.21916120e-03 ...  8.95114150e-04
     6.74456067e-04  6.80284575e-04]
   [-1.68606712e-05 -1.24529746e-04  9.46622691e-04 ... -2.79117055e-04
    -3.92118207e-04  2.37970031e-04]
   [-2.56550789e-04 -3.13861965e-05  9.32072115e-04 ...  6.89823937e-05
    -5.50679979e-04  3.02423286e-04]
   ...
   [-2.79533514e-03  1.74282980e-03  4.84817894e-04 ...  9.06804868e-04
     1.33237569e-03  8.39597778e-04]
   [-2.31523206e-03 -7.52871041e-04 -2.56392494e-04 ...  5.95020480e-04
     4.14998794e-06  4.85211785e-04]
   [-4.27772105e-03  2.47427262e-03 -2.72864942e-04 ...  1.17943075e-03
     1.42430654e-03  7.12235051e-04]]

  [[-1.21599552e-03  8.57731269e-04  4.36958653e-04 ... -1.03165745e-04
     6.98544900e-04 -4.63683973e-05]
   [-2.29325902e-04  9.94591828e-05  7.42003787e-04 ... -1.82859614e-04
     5.63975264e-05  4.53266111e-04]
   [-4.35710419e-04  2.52448866e-04  8.20460322e-04 ... -3.32448573e-04
     9.76401498e-04  4.45531245e-04]
   ...
   [-2.71423184e-03  1.21394894e-03  1.36244635e-03 ... -2.43136892e-05
     1.83612749e-03 -6.48566987e-04]
   [-2.84178089e-03 -5.71894925e-04  6.17670768e-04 ...  1.27150374e-03
    -7.29093794e-04  5.73831087e-04]
   [-4.25725151e-03  2.51538097e-03  1.21430354e-03 ...  1.59540505e-03
     2.18744949e-03  2.97795574e-04]]

  [[-1.47998484e-03  5.66563336e-04  8.29530938e-04 ... -5.31651312e-04
     1.98627808e-04 -9.03553853e-04]
   [-2.78380699e-04  9.42964980e-05  5.88828116e-04 ...  4.23638528e-04
    -3.18417588e-04  4.30304382e-04]
   [-3.43090323e-05  1.51565138e-04  3.15380923e-04 ...  4.73930268e-05
     4.14939102e-04  5.13872947e-05]
   ...
   [-2.88431742e-03  9.41203325e-04  1.83918537e-03 ... -6.48181362e-04
     1.85751426e-03  3.15752695e-04]
   [-2.98646698e-03  1.42327437e-04  6.83925231e-04 ...  1.35782920e-03
     9.66199208e-04  9.35874879e-04]
   [-4.35788371e-03  1.25269068e-03  1.57214829e-03 ...  5.03546325e-04
     1.97628373e-03 -4.46705846e-04]]

  [[-1.15057454e-03  3.82038183e-04  1.49310741e-03 ... -3.49843322e-04
     1.22031558e-03  6.79546269e-04]
   [-4.35458613e-04 -3.06467089e-04  8.22451897e-04 ...  5.84731461e-04
     3.58573161e-04  1.96273118e-04]
   [ 1.01078185e-05 -3.52061645e-04  7.17669434e-04 ...  2.35883723e-04
     6.41719089e-04  3.01180495e-04]
   ...
   [-2.14908528e-03  5.29197976e-04  1.75287959e-03 ...  1.02426100e-04
     2.64887954e-03  3.91485053e-04]
   [-2.04831408e-03  6.11400174e-04  1.28088577e-04 ... -5.34609426e-04
     2.59139831e-03 -4.16599505e-05]
   [-3.85293248e-03  6.98577729e-04  1.79576536e-03 ... -1.27610867e-03
     2.49659154e-03 -6.52006769e-04]]]


 [[[-1.44598575e-03  2.01566424e-03  1.33449491e-03 ...  6.40476472e-04
     5.52203448e-04  9.85638937e-04]
   [-4.23386722e-04  1.65717793e-05  1.15841569e-03 ... -3.42865882e-04
    -2.55209976e-04  2.76585663e-04]
   [-6.15208643e-04  1.37053401e-04  1.03835738e-03 ...  7.12587789e-05
    -1.13642192e-04  1.80694711e-04]
   ...
   [-2.17449036e-03  1.95171195e-03  1.93463592e-03 ...  1.34630257e-03
     9.40010068e-04  5.16545610e-04]
   [-3.41031747e-03  6.77081989e-04  3.25507048e-04 ...  1.70790055e-03
    -3.18220118e-05  5.15255262e-04]
   [-4.04280331e-03  2.26733461e-03  1.29616354e-03 ...  2.04889476e-03
    -1.25253247e-03  1.37518020e-03]]

  [[-2.90698430e-04  1.31201278e-03  1.50859542e-03 ...  5.56296203e-04
     1.69149612e-03 -1.33537105e-06]
   [-4.13210801e-04 -1.59855030e-04  9.25577828e-04 ... -3.40525585e-04
    -1.61993565e-04  3.32311523e-04]
   [-4.19075077e-04  5.48313546e-05  9.39619262e-04 ... -2.78549938e-04
    -3.07577022e-04  2.07630888e-04]
   ...
   [-2.06625252e-03  1.24638679e-03  1.55504269e-03 ...  1.03981700e-03
     1.28542667e-03  8.01767863e-04]
   [-3.36988131e-03  4.71764244e-04  8.32246078e-05 ...  1.14510814e-03
     2.03749005e-04  2.38957931e-04]
   [-4.02456941e-03  2.22435594e-03  1.84472965e-03 ...  2.44687335e-03
     1.07028882e-03  2.26242980e-03]]

  [[-6.61237165e-04  4.37284034e-04  1.09532848e-03 ... -1.17200718e-04
     1.24465139e-03  3.64722160e-04]
   [-5.06847398e-04 -2.91996548e-05  7.84533680e-04 ... -2.13771418e-05
     1.43954036e-04  8.28302000e-04]
   [-5.92792523e-04  1.93460291e-04  9.04088607e-04 ... -1.64707904e-04
     6.62931125e-04  2.95956328e-04]
   ...
   [-2.02623033e-03  3.23558023e-04  2.17084587e-03 ...  8.44378490e-04
     1.50125730e-03  6.02391083e-04]
   [-3.55003984e-03  8.10621073e-04  1.05731864e-03 ...  1.00975798e-03
    -2.01078772e-04  2.79112253e-04]
   [-2.88855052e-03  1.97064294e-03  2.67556310e-03 ...  1.94747746e-03
     2.86723580e-03  9.89956432e-04]]

  [[-9.76659358e-04 -2.65352312e-04  1.74543925e-03 ...  2.06032593e-04
     2.48622760e-04  7.41052208e-05]
   [-6.65488886e-04  9.72922790e-05  5.53432794e-04 ...  4.77240683e-04
     5.37865999e-05  3.09711497e-04]
   [-6.09350798e-04  4.81510913e-04  4.54211113e-04 ... -3.32459487e-04
     9.72365015e-05  5.22125047e-04]
   ...
   [-2.58243969e-03  9.67188447e-04  2.66821124e-03 ...  5.99320862e-04
     2.08977796e-03  6.67841581e-04]
   [-3.94924404e-03  1.14550977e-03  1.17053778e-03 ...  2.46466283e-04
     2.09083417e-04  1.29894266e-04]
   [-3.18166055e-03  7.77755689e-04  2.38474924e-03 ...  4.95682936e-04
     2.54066568e-03 -4.16124472e-04]]

  [[-1.53694092e-03 -2.34055129e-04  2.26306543e-03 ...  8.40085209e-04
     1.60432258e-03  1.06839638e-03]
   [-6.00991829e-04 -4.19954973e-04  7.94599822e-04 ...  4.38147661e-04
     5.30033372e-04  1.12195848e-04]
   [-2.71223253e-04 -2.92592740e-04  1.05737615e-03 ... -1.03811210e-04
     5.05203207e-04  4.79344279e-04]
   ...
   [-1.21526897e-03  8.94186203e-04  1.95510476e-03 ...  6.20975799e-04
     2.76344712e-03  4.65676567e-04]
   [-2.71770661e-03  1.44664850e-03  3.93444643e-04 ... -5.66155592e-04
     9.78903263e-04  1.24545637e-04]
   [-3.04527604e-03  8.95376084e-04  3.43922409e-03 ...  1.62593788e-04
     1.98209379e-03 -6.06869056e-04]]]


 [[[-1.09423383e-03  8.74264922e-04  1.46094279e-03 ...  7.69398757e-05
     5.91677788e-04  1.46876497e-03]
   [-6.88374275e-04 -4.21470701e-04  1.05668930e-03 ... -3.36854166e-04
    -8.14658415e-04  2.95051053e-04]
   [-7.78519898e-04  3.03624605e-04  8.23570648e-04 ... -3.23369022e-04
    -6.05506299e-04  2.01048388e-05]
   ...
   [-1.49532408e-03  2.55503436e-03  9.63343540e-04 ...  6.82479586e-04
     1.82638667e-03  1.82548130e-03]
   [-2.63405638e-03  1.13655906e-03  1.69184187e-03 ...  1.36780343e-03
    -6.56605989e-04  7.53471802e-04]
   [-2.55659828e-03  3.29217920e-03  1.65147358e-03 ...  1.30243471e-03
    -3.36757163e-04  2.05824454e-03]]

  [[-4.38450719e-04  8.56822822e-04  9.01309075e-04 ...  5.16561791e-04
     1.62849214e-03  9.84910293e-04]
   [-7.33661116e-04 -4.25025180e-04  1.15449016e-03 ... -4.07587650e-05
    -8.03623116e-04  5.23755734e-04]
   [-8.60029366e-04 -2.33084516e-04  1.25158252e-03 ... -6.53383788e-04
    -3.51258059e-04  3.12764227e-04]
   ...
   [-1.39170128e-03  2.15582619e-03  1.61820231e-03 ...  6.60490128e-04
     2.09246646e-03  2.25827913e-03]
   [-2.27412698e-03  1.63919770e-03  1.99197023e-03 ...  4.88128455e-04
    -5.48321463e-04  6.92626636e-04]
   [-2.06557359e-03  3.48241068e-03  2.41535529e-03 ...  1.63156830e-03
     2.54840124e-03  2.62478041e-03]]

  [[-7.16185779e-04  2.16773580e-04  8.80029227e-04 ...  3.88592191e-04
     7.10661465e-04  1.14624249e-03]
   [-1.09808845e-03  2.99371895e-04  4.54201421e-04 ...  1.14731287e-04
    -7.01695739e-04  6.90479064e-04]
   [-1.08295039e-03 -1.02017322e-04  5.27488068e-04 ... -1.40102144e-04
    -4.00007819e-04  2.51404068e-04]
   ...
   [-8.53590202e-04  1.75649300e-03  2.26087635e-03 ...  1.02898036e-03
     1.60041614e-03  1.01338199e-03]
   [-2.12521479e-03  8.93907505e-04  2.37032911e-03 ...  1.34645961e-05
     2.61703390e-04  4.53403263e-05]
   [-4.90682840e-04  2.55639572e-03  2.76141986e-03 ...  1.28318975e-03
     4.14089393e-03  1.09044660e-03]]

  [[-4.59666131e-04  4.93847183e-05  1.92205957e-03 ...  4.16080351e-04
    -2.35961867e-04  2.26447621e-04]
   [-8.59756896e-04  2.53008970e-04  6.53575058e-04 ...  1.32360205e-04
    -2.40661815e-04  6.97951706e-04]
   [-1.51730073e-03  2.91482487e-04  2.87071889e-04 ... -1.64346013e-04
    -2.21532173e-04  4.40296775e-04]
   ...
   [-2.01289775e-03  1.07176451e-03  2.88958382e-03 ...  6.18825085e-04
     1.78078958e-03  5.75078360e-04]
   [-2.70853727e-03  6.74317591e-04  1.70082692e-03 ...  1.82227930e-04
     4.35912458e-04 -7.20102662e-06]
   [-1.61705050e-03  2.02263822e-03  2.85948021e-03 ...  7.42629287e-04
     2.68852920e-03 -1.02212420e-04]]

  [[-1.10543030e-03  1.62809709e-04  1.92809023e-03 ...  7.36913818e-04
     1.45852403e-03  3.97598167e-04]
   [-4.97616478e-04  2.92467419e-04  4.84282413e-04 ...  1.64262077e-04
     1.47607381e-04  5.60011365e-04]
   [-3.90882546e-04 -2.11188908e-05  6.43079111e-04 ...  4.48517385e-05
     8.26602409e-05  8.45874019e-04]
   ...
   [-1.18514919e-03  7.42193428e-04  2.03371816e-03 ...  5.11356397e-04
     2.11247662e-03  1.12243739e-04]
   [-1.67563197e-03  2.42090289e-04  1.46113290e-03 ...  5.64302551e-04
     1.20086910e-03  3.84371262e-04]
   [-1.39894045e-03  3.79648933e-04  3.40548414e-03 ...  8.25216528e-04
     2.44324422e-03 -2.16577406e-04]]]


 [[[-9.72091802e-04  9.39128222e-04  1.66058831e-03 ...  6.38667669e-04
     8.45634378e-04  1.92206237e-03]
   [-1.00498495e-03  3.37843376e-05  1.13561680e-03 ... -4.88799007e-04
    -8.80108157e-04  1.51304775e-04]
   [-1.00627926e-03 -2.11311562e-05  9.33693838e-04 ...  5.51837438e-05
    -5.86436887e-04  4.84481337e-04]
   ...
   [-6.06885762e-04  1.72105315e-03  2.74442625e-03 ...  6.63729501e-04
     1.48967118e-03  2.78745685e-03]
   [-1.06825319e-03  2.15729792e-03  9.80688143e-04 ... -7.55802495e-04
    -3.45833017e-04  6.23311847e-04]
   [-1.06475607e-03  3.54838441e-03  2.98149977e-03 ...  2.63072434e-04
     4.47315862e-04  3.45306541e-03]]

  [[-2.36525870e-04  7.75843509e-04  1.18013052e-03 ...  6.52341987e-04
     1.07197417e-03  2.09306879e-03]
   [-1.16680260e-03  1.91358922e-04  8.60173546e-04 ... -1.89956598e-04
    -8.04296578e-04  5.89156698e-04]
   [-1.25008845e-03 -3.59160884e-04  8.55788821e-04 ... -1.44208985e-04
    -5.75418933e-04  6.79134158e-04]
   ...
   [-3.01941298e-04  1.69848348e-03  3.25367739e-03 ...  1.95400673e-04
     1.31386460e-03  2.61042546e-03]
   [-8.64687609e-04  1.73375721e-03  1.49773667e-03 ...  3.39542166e-04
     7.04922481e-04  8.22828442e-04]
   [-6.77408185e-04  3.07047740e-03  3.75313871e-03 ...  8.98479717e-04
     2.68013799e-03  3.18870973e-03]]

  [[-3.15941725e-04  9.63030325e-04  1.44642568e-03 ... -7.32297194e-05
     3.79080884e-05  1.31992530e-03]
   [-1.18247396e-03  3.87473847e-04  5.51774807e-04 ... -1.90825464e-04
    -3.51561990e-04  8.95900768e-04]
   [-1.17104058e-03  4.25584964e-04  7.31884502e-05 ... -9.58832679e-05
    -7.09507498e-04  1.25537172e-03]
   ...
   [-8.16851505e-04  1.30931649e-03  3.76731530e-03 ...  4.16099210e-04
     1.12957368e-03  1.32426328e-03]
   [-5.78149222e-04  7.87929865e-04  1.71115261e-03 ...  1.06281973e-03
     1.61755108e-03  1.05099124e-03]
   [ 5.29719255e-05  2.86874967e-03  3.81128211e-03 ...  1.27031794e-03
     3.60393943e-03  2.38332339e-03]]

  [[-9.19581507e-04  7.46186357e-04  2.75735930e-03 ... -4.57308430e-04
    -5.05521835e-04  1.82959018e-04]
   [-8.53083795e-04  3.04345973e-04  5.29015437e-04 ... -1.70206724e-04
    -1.91941130e-04  8.36222083e-04]
   [-9.90243396e-04  6.96230447e-04  4.61023767e-04 ...  6.88454602e-05
    -3.01148189e-04  9.40784288e-04]
   ...
   [-1.46083150e-03  1.37609558e-03  3.80391255e-03 ...  8.85422691e-04
     1.74370524e-03  4.55452129e-04]
   [-1.34297763e-03  1.20215467e-03  1.50849856e-03 ...  1.13650516e-03
     1.07377721e-03  1.17909000e-03]
   [-8.67635245e-04  2.29541399e-03  4.13938612e-03 ...  1.04604848e-03
     2.25376198e-03  1.69803086e-03]]

  [[-8.80767126e-04  4.50379273e-04  1.26261928e-03 ...  3.73570947e-05
     7.06723833e-04  1.52377441e-04]
   [-3.94319621e-04  3.99533659e-04  7.77257897e-04 ...  1.69694191e-04
    -6.13383236e-05  9.15034732e-04]
   [-4.42317338e-04  6.12988544e-04  9.57702403e-04 ...  5.90417825e-04
     2.31271741e-04  9.47349821e-04]
   ...
   [-9.65722487e-04  8.16621643e-04  2.95829284e-03 ...  4.12881258e-04
     2.08596257e-03  1.00585981e-03]
   [-7.17822113e-05  2.19252775e-04  1.61701511e-03 ...  1.23827346e-03
     1.87370065e-03  9.04027314e-04]
   [-1.58033392e-04  1.80308358e-04  4.28211736e-03 ...  1.41659053e-03
     2.36573792e-03  8.00851267e-04]]]


 [[[-1.09230948e-03  6.23719301e-04  2.19180062e-03 ...  8.01238348e-05
     2.78090534e-04  1.55991327e-03]
   [-1.14423223e-03  3.89504974e-04  6.02346379e-04 ... -4.82653631e-05
    -7.05634011e-04  4.64760378e-05]
   [-1.07548258e-03  6.48809189e-04  5.10760467e-04 ... -8.09066405e-05
    -7.16190087e-04  3.07313632e-04]
   ...
   [-1.20463234e-03  2.05615908e-03  2.27532722e-03 ...  6.07946422e-04
     9.09211114e-04  2.81484076e-03]
   [-8.48974916e-04  1.52223371e-03  1.18003041e-03 ... -1.21591904e-04
     8.19688488e-04  1.72466983e-03]
   [-1.51485042e-03  2.07535131e-03  4.04946692e-03 ...  5.60477376e-04
     1.37073151e-03  3.32629029e-03]]

  [[-9.00372514e-04  9.30508482e-04  1.49208098e-03 ...  3.25363944e-05
    -1.69976614e-04  1.59875501e-03]
   [-1.11168390e-03  1.51957705e-04  3.55666096e-04 ... -3.43163556e-05
    -7.95280794e-04  4.52446868e-04]
   [-9.27768822e-04  4.03898826e-04  2.43169285e-04 ... -1.10842782e-04
    -9.56745236e-04  9.16278572e-04]
   ...
   [-6.22085819e-04  1.38907484e-03  3.50969261e-03 ...  9.26122419e-04
     1.60882343e-03  1.60960783e-03]
   [-3.18305625e-04  1.73665117e-03  1.69184210e-03 ...  3.94721865e-04
     1.58425095e-03  1.53446046e-03]
   [-1.06322533e-03  9.17254598e-04  4.52834321e-03 ...  1.03402499e-03
     2.58570444e-03  2.76666717e-03]]

  [[-8.91810865e-04  9.86231724e-04  2.30186712e-03 ...  2.44296563e-04
     1.40987235e-04  1.95442117e-05]
   [-1.19307963e-03 -7.62382551e-05  1.08661952e-04 ... -1.47011728e-04
    -4.48769424e-04  4.31608700e-04]
   [-9.95308859e-04 -2.05909717e-04 -2.02092051e-05 ... -1.89962404e-04
    -3.11154901e-04  5.23664989e-04]
   ...
   [-1.06663618e-03  7.84236356e-04  3.80551210e-03 ...  6.14639604e-04
     8.85451969e-04  1.25032174e-03]
   [-7.24176003e-04  2.49907747e-03  1.47793768e-03 ...  8.11827020e-04
     1.25022233e-03  1.61901524e-03]
   [-7.11225090e-04  1.98470685e-03  4.20505600e-03 ...  1.22972182e-03
     3.16894543e-03  3.06280423e-03]]

  [[-1.27343449e-03  2.82987778e-04  3.02059925e-03 ... -1.80619070e-04
    -7.26258091e-04  5.34937135e-05]
   [-9.42628947e-04  2.34667532e-04  2.78555875e-04 ... -1.97828384e-04
    -4.27733641e-04  4.19349992e-04]
   [-1.07695255e-03 -9.58353994e-05  2.73857499e-04 ... -1.29650172e-04
    -2.18626636e-04  2.75401573e-04]
   ...
   [-1.61442463e-03  9.33962234e-04  2.71011051e-03 ...  8.03875970e-04
     1.32796634e-03  1.19414518e-03]
   [-3.90009955e-04  2.08793441e-03  1.50955515e-03 ...  8.16967804e-05
     1.13200152e-03  1.19853113e-03]
   [-3.32341122e-04  2.35307962e-03  4.45233285e-03 ...  9.15389624e-04
     2.02592136e-03  1.47211412e-03]]

  [[-1.37850712e-03  8.53085658e-04  9.48544417e-04 ...  1.83692784e-04
     5.98420622e-04  9.89975291e-04]
   [-4.99311194e-04  4.58359049e-04  6.01380481e-04 ... -1.95717585e-04
    -8.93673568e-05  8.43282323e-04]
   [-7.91743922e-04  5.48193639e-04  5.97959210e-04 ...  4.36407252e-04
     5.95656165e-04  8.22329486e-04]
   ...
   [-8.41611647e-04  5.21287206e-04  2.24077562e-03 ...  4.08365217e-04
     2.19063275e-03  1.40152033e-03]
   [-2.64761562e-04  1.01114856e-03  1.52596761e-03 ...  1.73827168e-04
     1.54045410e-03  7.25728896e-05]
   [-9.57029813e-04  1.11290626e-03  4.66718385e-03 ...  1.31395366e-03
     1.95993693e-03  1.26025197e-03]]]]
LossPredict/COV_2/W/Adam_1:0
[[[[1.84057217e-06 1.60804416e-06 1.48319714e-06 ... 2.77427648e-06
    2.17538172e-06 1.89480556e-06]
   [4.61962884e-07 4.08911347e-07 8.82529662e-07 ... 6.00989551e-07
    7.55132987e-07 7.98224335e-07]
   [4.96651523e-07 5.58518821e-07 1.20721813e-06 ... 9.10879976e-07
    7.47967476e-07 8.73358317e-07]
   ...
   [5.89568526e-06 4.17367482e-06 3.95416691e-06 ... 7.60346848e-06
    6.17708110e-06 3.95675261e-06]
   [2.94635288e-06 4.42124247e-06 1.81669157e-06 ... 4.02703654e-06
    5.00934448e-06 2.26588395e-06]
   [1.16036517e-05 7.49281799e-06 5.39181838e-06 ... 1.19458100e-05
    1.44547821e-05 6.40602229e-06]]

  [[1.76565948e-06 1.60939624e-06 1.44433750e-06 ... 2.51715505e-06
    1.85687088e-06 1.64816504e-06]
   [8.12404096e-07 6.99766019e-07 7.79548827e-07 ... 6.86321243e-07
    6.58735075e-07 9.64231617e-07]
   [8.15106091e-07 6.58807323e-07 9.23246944e-07 ... 9.91721095e-07
    6.91037542e-07 1.24646806e-06]
   ...
   [4.87589614e-06 4.07584093e-06 3.33351659e-06 ... 6.92097365e-06
    6.98399208e-06 4.61643549e-06]
   [2.59241551e-06 3.71496617e-06 2.49586810e-06 ... 5.12708675e-06
    4.68600456e-06 2.93836433e-06]
   [9.39866914e-06 9.23745029e-06 4.57992473e-06 ... 1.28446782e-05
    1.50611968e-05 8.84384008e-06]]

  [[1.40670136e-06 1.46330569e-06 1.55405360e-06 ... 2.42348210e-06
    2.45579213e-06 1.75332957e-06]
   [8.27961969e-07 6.37325059e-07 7.23534811e-07 ... 1.00608770e-06
    6.38214203e-07 9.12996086e-07]
   [1.04678531e-06 7.75835758e-07 8.60189857e-07 ... 9.94985498e-07
    8.55162739e-07 9.94757556e-07]
   ...
   [4.17328829e-06 4.04903358e-06 3.02058584e-06 ... 6.51657911e-06
    6.00401927e-06 4.74968465e-06]
   [3.16215142e-06 2.89558557e-06 3.03525258e-06 ... 6.07202264e-06
    2.97500810e-06 3.29794943e-06]
   [7.84803433e-06 7.87530189e-06 5.23870813e-06 ... 1.31578663e-05
    1.34624379e-05 8.48185573e-06]]

  [[1.41725479e-06 1.61196579e-06 1.37536881e-06 ... 2.03852323e-06
    1.41628823e-06 1.96880478e-06]
   [6.18815136e-07 5.56034252e-07 7.07293907e-07 ... 1.11508780e-06
    6.18656372e-07 7.18313913e-07]
   [6.71372845e-07 6.93018308e-07 7.18518550e-07 ... 1.02525109e-06
    6.82837140e-07 8.17944510e-07]
   ...
   [4.20825017e-06 4.20487413e-06 3.74933234e-06 ... 4.77239882e-06
    4.55647660e-06 3.72593331e-06]
   [4.05535320e-06 3.33827461e-06 3.40483916e-06 ... 4.43110230e-06
    3.18787329e-06 2.95016571e-06]
   [7.71095165e-06 8.16850570e-06 6.33828040e-06 ... 1.20699788e-05
    1.20398818e-05 9.15026521e-06]]

  [[2.22026915e-06 2.00608315e-06 1.36515655e-06 ... 1.11313955e-06
    1.34974528e-06 1.01417584e-06]
   [4.14255936e-07 5.17239471e-07 4.82537018e-07 ... 9.68429049e-07
    4.35431161e-07 4.30841936e-07]
   [3.09597908e-07 5.62107175e-07 4.84770169e-07 ... 8.92618857e-07
    5.91009211e-07 6.09312451e-07]
   ...
   [5.60166654e-06 4.81938787e-06 3.26166696e-06 ... 3.72977661e-06
    3.59948694e-06 3.25993256e-06]
   [3.82002827e-06 3.20764252e-06 2.41893167e-06 ... 3.77421793e-06
    3.49925244e-06 3.22454821e-06]
   [9.43504529e-06 8.42935151e-06 6.81138681e-06 ... 9.00698160e-06
    7.70651059e-06 9.28111331e-06]]]


 [[[1.65969516e-06 1.83632335e-06 1.78058758e-06 ... 2.69326324e-06
    1.66895984e-06 2.53694429e-06]
   [3.57752583e-07 7.90688148e-07 1.00957993e-06 ... 8.74793045e-07
    5.85885857e-07 7.82533732e-07]
   [4.85770840e-07 1.03449145e-06 1.29630962e-06 ... 1.56463750e-06
    7.84500628e-07 8.27611586e-07]
   ...
   [4.27386613e-06 4.09711447e-06 5.61731440e-06 ... 7.19629634e-06
    8.15769545e-06 3.59044702e-06]
   [4.15843078e-06 2.40977943e-06 1.88357853e-06 ... 4.06842992e-06
    5.36386915e-06 1.91065192e-06]
   [9.67575215e-06 7.62400168e-06 1.00294455e-05 ... 1.34260099e-05
    1.58922376e-05 9.32630610e-06]]

  [[1.51027905e-06 1.37152767e-06 1.85117585e-06 ... 1.84098462e-06
    2.89604418e-06 1.45481295e-06]
   [6.56055306e-07 7.35152412e-07 1.04572530e-06 ... 1.06154823e-06
    6.71986413e-07 9.08776713e-07]
   [6.84538691e-07 7.74616353e-07 1.27625674e-06 ... 1.29324587e-06
    6.71136434e-07 1.08399149e-06]
   ...
   [3.42256590e-06 3.90473269e-06 4.80532572e-06 ... 7.74975160e-06
    8.05818854e-06 5.04626769e-06]
   [3.84944587e-06 2.78114953e-06 1.76086621e-06 ... 6.42373971e-06
    3.78116442e-06 3.39066128e-06]
   [9.27395922e-06 7.47633067e-06 6.49227195e-06 ... 1.47636401e-05
    1.51424956e-05 1.07208270e-05]]

  [[1.07856317e-06 1.53366329e-06 1.71737122e-06 ... 2.99266958e-06
    2.46044033e-06 1.95685016e-06]
   [7.23245364e-07 5.39618156e-07 1.00696923e-06 ... 1.70908913e-06
    6.08660628e-07 9.09066671e-07]
   [1.00961927e-06 7.36923937e-07 1.16888089e-06 ... 1.47270532e-06
    8.91989487e-07 1.02976423e-06]
   ...
   [3.90496916e-06 4.18934724e-06 4.09612312e-06 ... 7.54759640e-06
    5.24808320e-06 4.88349451e-06]
   [3.42905696e-06 3.01947875e-06 2.37261884e-06 ... 5.31179057e-06
    2.40510076e-06 3.19768174e-06]
   [8.10507299e-06 7.56424515e-06 6.46448461e-06 ... 1.40495240e-05
    1.49547341e-05 7.24838719e-06]]

  [[1.30693354e-06 1.50888627e-06 1.71969714e-06 ... 2.48736274e-06
    1.25122506e-06 1.81252267e-06]
   [6.25464907e-07 4.76520711e-07 9.98265932e-07 ... 1.63418395e-06
    7.00419434e-07 6.61898355e-07]
   [9.09681660e-07 6.17249555e-07 9.13134386e-07 ... 1.84547275e-06
    8.55417625e-07 9.43630539e-07]
   ...
   [5.52736856e-06 4.39787209e-06 4.99086127e-06 ... 6.65231119e-06
    4.06333174e-06 4.16539979e-06]
   [3.74936553e-06 2.76016954e-06 3.01418891e-06 ... 3.95211464e-06
    3.11622625e-06 3.34618016e-06]
   [6.50679158e-06 7.79740549e-06 6.67198901e-06 ... 1.45092554e-05
    1.03625662e-05 9.23413063e-06]]

  [[2.40256827e-06 1.76303138e-06 1.89846264e-06 ... 2.22863605e-06
    1.08539859e-06 1.11892587e-06]
   [4.27806242e-07 5.52057941e-07 7.54093946e-07 ... 1.41766679e-06
    5.87433419e-07 3.84181646e-07]
   [5.14974147e-07 7.20045819e-07 7.95570827e-07 ... 1.33570052e-06
    6.10298400e-07 4.93935772e-07]
   ...
   [6.69133669e-06 4.40251279e-06 4.63517745e-06 ... 5.28475584e-06
    3.97542863e-06 4.25249118e-06]
   [4.17344836e-06 2.58822888e-06 2.56786575e-06 ... 3.00757142e-06
    2.74344688e-06 3.48698495e-06]
   [8.56307088e-06 7.30051488e-06 7.42444854e-06 ... 1.07136639e-05
    6.93298671e-06 8.70057465e-06]]]


 [[[9.55516498e-07 1.98078010e-06 2.51112237e-06 ... 2.21812024e-06
    2.63121638e-06 2.23460211e-06]
   [3.76564998e-07 9.71841928e-07 1.22588222e-06 ... 9.53645383e-07
    9.04793012e-07 7.53455652e-07]
   [5.79463915e-07 1.04394678e-06 1.09690973e-06 ... 1.07075687e-06
    1.04801109e-06 7.59568309e-07]
   ...
   [3.41659393e-06 4.06084337e-06 7.07611161e-06 ... 6.84655924e-06
    1.03622997e-05 4.71721887e-06]
   [4.05656465e-06 1.98131193e-06 3.64137554e-06 ... 6.14063947e-06
    5.82442317e-06 3.31929095e-06]
   [6.02937644e-06 7.80357823e-06 1.49514835e-05 ... 1.72401960e-05
    1.54543541e-05 1.18784283e-05]]

  [[1.44878572e-06 1.28495333e-06 2.40489749e-06 ... 2.38796929e-06
    3.99856935e-06 1.52587256e-06]
   [6.03895558e-07 6.33465504e-07 1.21813605e-06 ... 1.48585934e-06
    8.51434379e-07 9.19540298e-07]
   [6.27795316e-07 1.03131276e-06 1.53397855e-06 ... 1.38825476e-06
    7.50748427e-07 1.00804596e-06]
   ...
   [2.65629319e-06 4.40005215e-06 6.16954230e-06 ... 8.77530238e-06
    7.50436857e-06 7.15233409e-06]
   [3.81234099e-06 2.47489288e-06 2.37619906e-06 ... 6.16257103e-06
    3.43527017e-06 3.71273313e-06]
   [6.08712344e-06 8.76785271e-06 1.14012473e-05 ... 1.33851190e-05
    1.68392853e-05 1.13222377e-05]]

  [[1.09927794e-06 1.50069684e-06 2.42398846e-06 ... 4.00076715e-06
    1.90822357e-06 2.47208800e-06]
   [7.22520326e-07 5.94033850e-07 1.12422913e-06 ... 1.89718696e-06
    6.80237235e-07 9.33137926e-07]
   [7.19551508e-07 6.63537378e-07 1.26320390e-06 ... 1.84866951e-06
    9.36495496e-07 1.03618129e-06]
   ...
   [3.10282826e-06 4.82905352e-06 5.84072268e-06 ... 6.58609679e-06
    4.51224741e-06 5.57851627e-06]
   [3.20857612e-06 2.98579380e-06 2.99055455e-06 ... 4.56835050e-06
    2.85189458e-06 2.74726972e-06]
   [6.56918382e-06 9.01849307e-06 9.72796261e-06 ... 1.23963482e-05
    1.80146581e-05 9.94276979e-06]]

  [[1.30804722e-06 1.71602721e-06 2.62011758e-06 ... 2.79201981e-06
    1.36007986e-06 1.94159884e-06]
   [6.42793225e-07 4.58263685e-07 1.09066366e-06 ... 1.52330415e-06
    8.98461678e-07 7.07800041e-07]
   [1.07710650e-06 6.24434165e-07 1.10443330e-06 ... 1.63259574e-06
    9.75980356e-07 7.14838961e-07]
   ...
   [5.31564501e-06 4.00815634e-06 7.05230559e-06 ... 6.55755548e-06
    2.95452014e-06 5.92132574e-06]
   [2.93280846e-06 2.34897379e-06 2.92065420e-06 ... 3.78713798e-06
    3.09782763e-06 2.60562501e-06]
   [6.93561879e-06 8.87294482e-06 1.08724907e-05 ... 1.45400782e-05
    8.54189148e-06 1.20623317e-05]]

  [[2.12124678e-06 1.40554823e-06 2.49041159e-06 ... 2.84583302e-06
    9.61128876e-07 1.89571097e-06]
   [4.45135669e-07 4.77265019e-07 9.76906449e-07 ... 1.41190776e-06
    6.51815355e-07 4.00442360e-07]
   [7.44248723e-07 7.24787697e-07 1.14900899e-06 ... 1.27703538e-06
    7.37061441e-07 3.93901729e-07]
   ...
   [7.01475983e-06 3.34529273e-06 6.46937315e-06 ... 5.19321475e-06
    3.15305851e-06 5.41574309e-06]
   [3.18560387e-06 2.06955519e-06 2.09158202e-06 ... 2.79805454e-06
    2.51267556e-06 1.92167272e-06]
   [8.91182208e-06 8.65559559e-06 9.56263739e-06 ... 1.02822996e-05
    5.24812185e-06 9.78270145e-06]]]


 [[[8.67940628e-07 1.97811573e-06 2.98464875e-06 ... 2.27845885e-06
    2.60674346e-06 2.44020725e-06]
   [6.36848995e-07 8.86723626e-07 8.80952427e-07 ... 1.02049444e-06
    6.44168722e-07 7.76366107e-07]
   [8.06596290e-07 9.82486540e-07 1.02972547e-06 ... 8.85259738e-07
    1.05373817e-06 6.55371366e-07]
   ...
   [2.79514234e-06 3.38928726e-06 7.60526291e-06 ... 6.85286432e-06
    1.09423072e-05 6.81767733e-06]
   [2.10225107e-06 3.34333936e-06 4.86343060e-06 ... 6.50442644e-06
    3.80953338e-06 5.19367632e-06]
   [4.35806214e-06 8.93182460e-06 1.64786197e-05 ... 1.60436575e-05
    1.65581769e-05 1.49630750e-05]]

  [[1.38161624e-06 1.13958322e-06 2.36092706e-06 ... 3.02186595e-06
    3.80478923e-06 2.82937617e-06]
   [9.12054702e-07 6.53105474e-07 9.15794317e-07 ... 1.25244821e-06
    6.08405117e-07 1.16784622e-06]
   [9.91693014e-07 8.62163574e-07 9.86943746e-07 ... 1.38838436e-06
    7.16947795e-07 1.05216088e-06]
   ...
   [3.09099391e-06 4.49291520e-06 7.68181599e-06 ... 8.64689991e-06
    5.61891738e-06 8.79313029e-06]
   [2.71463205e-06 3.43321972e-06 4.79353184e-06 ... 5.25207952e-06
    3.91462027e-06 4.72702186e-06]
   [3.89010529e-06 8.80793777e-06 1.45869044e-05 ... 1.18496546e-05
    1.68239567e-05 1.45340855e-05]]

  [[1.53636768e-06 1.90444268e-06 2.70421629e-06 ... 3.80981214e-06
    1.03102593e-06 3.60730655e-06]
   [8.08059326e-07 6.36699440e-07 8.81107496e-07 ... 1.29204693e-06
    5.23295625e-07 1.05351137e-06]
   [8.42341706e-07 7.78369383e-07 9.26201096e-07 ... 1.48419213e-06
    6.84722124e-07 1.06412199e-06]
   ...
   [3.74474212e-06 4.40469285e-06 8.75903334e-06 ... 7.43007649e-06
    3.38917403e-06 7.99149529e-06]
   [3.00686770e-06 3.12344810e-06 4.51008282e-06 ... 4.08466167e-06
    3.49173342e-06 3.47342166e-06]
   [5.49016431e-06 7.27557017e-06 1.37880315e-05 ... 1.47533965e-05
    1.65886158e-05 1.55560392e-05]]

  [[1.91308823e-06 1.67902851e-06 3.69603595e-06 ... 2.70718624e-06
    7.16813247e-07 2.89242053e-06]
   [7.13177940e-07 4.98683846e-07 8.82149095e-07 ... 1.29454918e-06
    6.58660895e-07 7.02930379e-07]
   [9.55996484e-07 7.80257437e-07 8.52268727e-07 ... 1.19725166e-06
    7.90801948e-07 9.59711087e-07]
   ...
   [5.81256745e-06 3.56011310e-06 8.93136257e-06 ... 7.92870014e-06
    2.24752353e-06 8.72402779e-06]
   [3.23955669e-06 2.78781908e-06 3.98271368e-06 ... 4.37419840e-06
    2.91198421e-06 3.40383508e-06]
   [7.09332789e-06 7.65328241e-06 1.56599963e-05 ... 1.60869276e-05
    5.89701722e-06 1.61181815e-05]]

  [[2.50903349e-06 9.67200208e-07 3.02498188e-06 ... 2.43909312e-06
    6.55386430e-07 3.00344686e-06]
   [4.78042523e-07 4.32439066e-07 7.34534240e-07 ... 9.25711390e-07
    5.95211191e-07 5.05559342e-07]
   [8.19874344e-07 5.04538662e-07 8.40195582e-07 ... 1.20225650e-06
    6.74990929e-07 5.23488154e-07]
   ...
   [6.06851836e-06 2.52970972e-06 7.85187876e-06 ... 6.20392848e-06
    3.14694898e-06 7.38650806e-06]
   [3.46131492e-06 3.42543103e-06 2.30072555e-06 ... 3.49444031e-06
    2.84818680e-06 3.18651405e-06]
   [1.09996417e-05 6.70204327e-06 1.49863363e-05 ... 1.18951530e-05
    4.82595260e-06 1.49110338e-05]]]


 [[[1.04438561e-06 1.89130162e-06 3.14946692e-06 ... 2.60616571e-06
    1.92507491e-06 2.22179506e-06]
   [6.40511189e-07 6.87212889e-07 7.24576694e-07 ... 8.22595041e-07
    6.44520128e-07 8.97302698e-07]
   [7.56140196e-07 7.28819600e-07 9.51210609e-07 ... 8.72233386e-07
    6.37600010e-07 8.93378569e-07]
   ...
   [2.97848305e-06 4.74162471e-06 8.01372425e-06 ... 7.78676258e-06
    1.01285787e-05 6.35682045e-06]
   [1.36476854e-06 3.41852819e-06 5.39095799e-06 ... 5.01322938e-06
    4.12006375e-06 6.60940350e-06]
   [5.35358049e-06 9.22118306e-06 1.73893786e-05 ... 1.38150172e-05
    1.87956339e-05 1.16276969e-05]]

  [[1.40276256e-06 1.19792298e-06 2.43281602e-06 ... 3.17970967e-06
    2.50861081e-06 2.81138387e-06]
   [8.02039835e-07 5.12006011e-07 8.44268072e-07 ... 9.07994604e-07
    6.61703439e-07 9.82557822e-07]
   [9.25633174e-07 7.85662110e-07 9.28982331e-07 ... 1.09192331e-06
    8.27130748e-07 1.05001993e-06]
   ...
   [3.39678081e-06 4.99013368e-06 7.79974016e-06 ... 8.40819303e-06
    5.02538751e-06 6.94444770e-06]
   [1.60549655e-06 3.70189900e-06 5.71858709e-06 ... 4.40300846e-06
    4.39513769e-06 6.46858552e-06]
   [4.74404123e-06 7.83980431e-06 1.53135934e-05 ... 1.41346600e-05
    1.51777185e-05 1.30638500e-05]]

  [[1.69561633e-06 1.89762477e-06 2.79704341e-06 ... 3.50714890e-06
    9.14706959e-07 2.98944133e-06]
   [8.13359293e-07 4.90582750e-07 8.45163243e-07 ... 8.67546930e-07
    5.08100925e-07 8.76291949e-07]
   [9.47607646e-07 7.83533437e-07 1.04204173e-06 ... 8.39382096e-07
    6.14283294e-07 1.02684555e-06]
   ...
   [4.26678434e-06 3.71584815e-06 8.89228068e-06 ... 8.00417911e-06
    2.79379765e-06 7.97263601e-06]
   [2.10329199e-06 2.82557448e-06 6.07577294e-06 ... 4.83432768e-06
    3.47369496e-06 5.71624605e-06]
   [4.91525316e-06 5.99447594e-06 1.35513328e-05 ... 1.65402944e-05
    1.09240600e-05 1.62775414e-05]]

  [[2.03436184e-06 1.32658545e-06 3.90547530e-06 ... 3.01173895e-06
    8.01331623e-07 2.56307976e-06]
   [6.52979566e-07 4.15059532e-07 6.28839189e-07 ... 9.59230192e-07
    6.70152133e-07 5.26125746e-07]
   [9.90855710e-07 7.00855878e-07 9.07784511e-07 ... 9.90512490e-07
    7.99613758e-07 9.00405723e-07]
   ...
   [5.16898945e-06 2.72422176e-06 7.89728892e-06 ... 7.66774610e-06
    2.33856690e-06 8.16385727e-06]
   [3.01795853e-06 3.65488222e-06 6.32618412e-06 ... 4.31474018e-06
    1.90709261e-06 6.71392445e-06]
   [7.20101161e-06 7.66142875e-06 1.50042933e-05 ... 1.57686100e-05
    5.18663501e-06 1.69640571e-05]]

  [[2.07101311e-06 6.75696185e-07 2.77982213e-06 ... 2.17625256e-06
    9.37472237e-07 1.99966280e-06]
   [4.90249761e-07 5.38734184e-07 4.63864581e-07 ... 5.32134038e-07
    5.62477396e-07 4.70402085e-07]
   [6.69696703e-07 5.67153620e-07 5.65539324e-07 ... 7.94048390e-07
    4.89140973e-07 5.77248557e-07]
   ...
   [5.45552757e-06 2.24263863e-06 5.96547170e-06 ... 5.41180680e-06
    3.86018110e-06 7.75789158e-06]
   [3.79811945e-06 3.36743574e-06 5.04263062e-06 ... 3.73483567e-06
    2.00753129e-06 5.25347241e-06]
   [1.04152123e-05 5.62135574e-06 1.69843170e-05 ... 1.18952512e-05
    5.36997914e-06 1.70224157e-05]]]]
LossPredict/COV_2/b/Adam:0
[-0.01073906  0.00255681  0.00931343 -0.00680846 -0.00044614  0.0015605
  0.00426936  0.00801175  0.00347442 -0.01184616 -0.00459491  0.00484604
  0.00377847 -0.00265378  0.00161564 -0.00514606  0.00763586  0.00144698
 -0.00513116 -0.00460778  0.0036372   0.00855422  0.00037395  0.00632496
 -0.00867307  0.0075367   0.00584588 -0.00044242  0.00353962 -0.00376587
 -0.02059528  0.00292977  0.00845517 -0.01060619  0.00204811 -0.00097
 -0.00106005 -0.0124149   0.00531939  0.00143534  0.01862089  0.00839234
  0.00390656 -0.01281808  0.00769642  0.00589866  0.00618011  0.00682803
  0.00246306 -0.00185846 -0.00583951 -0.0067241  -0.00611151 -0.00711261
 -0.00206938 -0.01976603  0.0021844   0.0103669   0.0051877  -0.00635011
  0.01222974 -0.00017561 -0.00014926  0.00448311]
LossPredict/COV_2/b/Adam_1:0
[8.14847517e-05 5.60164917e-05 1.20094017e-04 9.77021773e-05
 3.93372502e-05 3.60575723e-05 1.09089939e-04 7.13314730e-05
 1.63388497e-04 1.46440871e-04 8.68544157e-05 1.18338095e-04
 6.84849292e-05 4.48998544e-05 9.99774493e-05 6.68482535e-05
 9.61176120e-05 2.15094678e-05 8.31953657e-05 1.64115816e-04
 6.88665532e-05 7.76682282e-05 7.21710167e-05 8.18800472e-05
 5.29849895e-05 2.11583363e-04 1.05106636e-04 9.84543731e-05
 4.56925882e-05 9.27091387e-05 2.20073154e-04 1.61057629e-04
 1.41766752e-04 1.12834132e-04 1.10348781e-04 4.94243577e-05
 1.27232546e-04 1.90738923e-04 1.24891230e-04 1.53149540e-05
 1.77981361e-04 1.00310870e-04 8.21141584e-05 1.15372626e-04
 9.03885011e-05 1.30682180e-04 8.92673561e-05 1.01513273e-04
 1.82554737e-04 1.28864573e-04 5.95569472e-05 1.26528830e-04
 1.29598906e-04 1.75263340e-04 1.90072184e-04 2.39769099e-04
 6.97822761e-05 8.01083952e-05 6.65251428e-05 8.10878337e-05
 2.61726498e-04 1.50606895e-04 8.19952766e-05 9.46467408e-05]
LossPredict/MLP_1/W_fc/Adam:0
[[-5.31826117e-05 -3.52588722e-05  1.44425474e-06 ...  0.00000000e+00
   0.00000000e+00 -1.83324919e-05]
 [-5.01030081e-05 -3.05890644e-05  1.14269335e-06 ...  0.00000000e+00
   0.00000000e+00 -2.83926220e-05]
 [-7.14886555e-05 -7.31541077e-05  1.34641596e-06 ...  0.00000000e+00
   0.00000000e+00 -1.84184610e-04]
 ...
 [-7.29862877e-05 -5.59783948e-05  1.28337535e-06 ...  0.00000000e+00
   0.00000000e+00 -4.72569591e-05]
 [-8.23340379e-05 -4.36306145e-05  9.10294943e-07 ...  0.00000000e+00
   0.00000000e+00 -1.02260856e-04]
 [-4.41737175e-05 -2.53219441e-05  5.08319260e-07 ...  0.00000000e+00
   0.00000000e+00 -8.99197257e-05]]
LossPredict/MLP_1/W_fc/Adam_1:0
[[1.2929281e-09 3.6510841e-09 2.3125062e-10 ... 0.0000000e+00
  0.0000000e+00 4.5010147e-09]
 [3.1285590e-09 9.4665262e-09 9.9213227e-10 ... 0.0000000e+00
  0.0000000e+00 1.0246296e-08]
 [1.2335005e-08 2.6471666e-08 1.4511639e-09 ... 0.0000000e+00
  0.0000000e+00 2.5942395e-08]
 ...
 [1.4199153e-08 3.8977820e-08 3.6687267e-09 ... 0.0000000e+00
  0.0000000e+00 4.0661508e-08]
 [2.5688173e-08 6.8497400e-08 6.1442185e-09 ... 0.0000000e+00
  0.0000000e+00 7.1537116e-08]
 [1.1936249e-08 2.7671398e-08 1.7659827e-09 ... 0.0000000e+00
  0.0000000e+00 2.2570299e-08]]
LossPredict/MLP_1/bias_fc/Adam:0
[-3.8612518e-04 -2.2567312e-04  2.8870613e-06 ...  0.0000000e+00
  0.0000000e+00 -2.3940933e-04]
LossPredict/MLP_1/bias_fc/Adam_1:0
[2.7150182e-07 7.7934334e-07 5.6299477e-08 ... 0.0000000e+00 0.0000000e+00
 7.3873895e-07]
LossPredict/MLP_2/W_fc/Adam:0
[[-1.4561001e-04 -3.6942595e-04  9.7273116e-04 ... -7.3324371e-04
   2.5113283e-03  1.9545455e-03]
 [ 3.4790083e-03 -8.1523266e-03 -8.7695941e-04 ... -4.1747345e-03
   7.3374165e-03  2.2575170e-02]
 [ 1.4180633e-05 -4.5232443e-04  9.9669924e-05 ...  4.1713341e-05
   1.6150185e-05  4.8506041e-05]
 ...
 [ 0.0000000e+00  0.0000000e+00  0.0000000e+00 ...  0.0000000e+00
   0.0000000e+00  0.0000000e+00]
 [ 0.0000000e+00  0.0000000e+00  0.0000000e+00 ...  0.0000000e+00
   0.0000000e+00  0.0000000e+00]
 [ 5.6811459e-06 -2.4407085e-03  1.6322830e-03 ...  5.6127115e-04
  -2.3116008e-05  3.5699180e-03]]
LossPredict/MLP_2/W_fc/Adam_1:0
[[1.5315294e-05 8.4542244e-06 7.7418572e-06 ... 6.5492304e-06
  5.4339257e-06 6.6112279e-06]
 [3.9781581e-04 2.2369118e-04 2.1023781e-04 ... 1.4738807e-04
  2.2244752e-04 3.1288582e-04]
 [5.9422655e-07 7.5989999e-07 1.0146133e-07 ... 1.5773864e-07
  7.0891070e-07 4.3066325e-07]
 ...
 [0.0000000e+00 0.0000000e+00 0.0000000e+00 ... 0.0000000e+00
  0.0000000e+00 0.0000000e+00]
 [0.0000000e+00 0.0000000e+00 0.0000000e+00 ... 0.0000000e+00
  0.0000000e+00 0.0000000e+00]
 [6.6598250e-06 6.7494111e-06 7.4836430e-06 ... 4.5266033e-06
  6.1003439e-06 7.2627754e-06]]
LossPredict/MLP_2/bias_fc/Adam:0
[ 9.2649437e-04 -2.6336778e-03 -3.5454570e-05 -8.1435783e-04
 -8.2367874e-04 -5.6749792e-04 -1.4256912e-03 -1.2485569e-03
  1.4905856e-03  5.1318342e-03]
LossPredict/MLP_2/bias_fc/Adam_1:0
[1.23238369e-05 1.07621890e-05 7.27813813e-06 8.48291438e-06
 1.12526395e-05 6.99676775e-06 8.17309683e-06 8.17268301e-06
 8.62516299e-06 1.44491059e-05]
