CONV_1/W:0
[[[[-1.27966911e-01  4.06053066e-02 -7.50950128e-02  4.67053130e-02
     1.65455744e-01 -9.69748199e-02 -2.60961577e-02 -1.02089837e-01
     5.73594980e-02  1.20713837e-01 -1.70502305e-01  1.69579815e-02
    -8.43653828e-02  1.14994280e-01 -6.64823549e-03  1.81198731e-01
    -8.64330679e-02  1.02247149e-01  1.84304893e-01 -1.72147319e-01
    -1.43955514e-01 -6.67104498e-02 -2.31170412e-02  4.04737331e-02
    -9.33257714e-02  1.71409041e-01 -3.13720875e-03  5.29042492e-03
     1.00588210e-01  3.09719257e-02  1.30331010e-01  7.85259008e-02]]

  [[ 2.54987869e-02 -6.26477301e-02  3.07750553e-02  4.94454615e-02
     1.34722246e-02  5.04638022e-03 -1.74380362e-01  3.12255416e-02
    -4.24272567e-02  3.57047692e-02  2.06622295e-02  5.87528907e-02
    -3.19718872e-03 -5.92674240e-02 -9.37213525e-02 -6.65906444e-02
    -3.64101194e-02  8.92390534e-02  4.33863997e-02 -2.71006022e-02
    -3.51149887e-02  4.39711139e-02  8.93536881e-02  8.69258400e-03
    -4.63883728e-02  8.37176815e-02 -2.64710840e-02  6.54465705e-02
    -8.08481872e-03  3.05071604e-02  5.43885864e-02  7.73555785e-02]]

  [[ 2.10851524e-02 -1.39372125e-01 -1.74463630e-01 -3.00545618e-02
    -9.22968518e-03 -9.13470089e-02  1.45946652e-01  1.16852894e-01
     6.71114028e-02 -3.39005738e-02 -3.47627662e-02 -1.48760350e-02
     1.09814219e-01  1.62279345e-02 -7.89304525e-02  6.99021220e-02
    -2.95941276e-03 -1.46831900e-01 -5.88032007e-02 -2.86100227e-02
     7.75555596e-02 -2.96993740e-02  4.56924066e-02  1.54039890e-01
     8.57389197e-02 -1.98013131e-02  1.04795136e-01 -6.00662157e-02
     1.06026143e-01  1.16156964e-02  1.10858623e-02  9.33785662e-02]]

  [[ 1.20599717e-02 -8.98206607e-02 -4.08466607e-02  5.33536486e-02
     9.60476995e-02  1.79939538e-01 -1.30018353e-01 -1.83244199e-02
     7.50787929e-02 -1.20688379e-01  1.81851182e-02 -3.12448386e-02
    -6.05388135e-02 -1.56776622e-01  6.34031147e-02  1.53252840e-01
     1.75052900e-02  6.57853484e-02 -1.08198844e-01  1.63998112e-01
    -5.33786453e-02 -8.48320723e-02  4.28438224e-02 -8.75619426e-02
     5.62043190e-02 -2.12756768e-02  9.17651206e-02  1.83752533e-02
    -4.31698151e-02  2.33510938e-02  4.31378186e-02 -2.30575204e-02]]

  [[-1.53982520e-01 -1.05082996e-01  1.65472418e-01  2.26460327e-03
    -9.19759087e-03 -1.28632069e-01  2.14955807e-02 -6.59228191e-02
    -1.79666296e-01  7.25915050e-03 -5.03110997e-02 -3.44879255e-02
    -1.21100679e-01  1.97898373e-01 -3.79906502e-03 -7.04012206e-03
    -6.47589043e-02  1.60340831e-01  1.54865861e-01  1.93144575e-01
     8.20782781e-03 -3.63770872e-02 -1.26080349e-01  1.80859998e-01
     2.66767852e-02  9.15608779e-02  4.78970073e-02 -6.06241077e-03
    -1.35639936e-01  1.29008442e-01  1.06978099e-04  1.14034154e-01]]]


 [[[-1.58156171e-01 -3.39924619e-02 -1.26678139e-01 -1.10911694e-03
    -9.66006052e-03  7.13131577e-02 -4.98771667e-02  8.60481635e-02
    -4.81930387e-04 -1.52841747e-01 -4.36488949e-02 -4.69239354e-02
     6.92490116e-02  2.11940296e-02 -7.88924247e-02 -5.03623039e-02
    -2.68919785e-02 -5.14475070e-02  8.40465650e-02 -8.38309899e-02
    -7.44893178e-02  9.11947191e-02  1.78006187e-01  1.60199940e-01
    -3.28377746e-02 -7.10190311e-02  5.87096848e-02 -1.60445068e-02
    -2.76971180e-02 -1.75430737e-02  5.31894453e-02  3.61480825e-02]]

  [[ 6.71491250e-02 -1.03480302e-01  1.10740766e-01 -6.31312421e-03
     4.80219983e-02  1.27987206e-01 -1.41612506e-02  7.36724958e-02
     9.54107717e-02 -7.18792975e-02 -9.11575630e-02 -2.16639247e-02
    -8.44738632e-02 -8.99602473e-03 -5.81515133e-02  1.96129829e-02
     7.18487129e-02  1.86907247e-01 -5.94368437e-03 -7.36103356e-02
     1.83413908e-01  4.21856120e-02  9.35508832e-02  7.15027452e-02
     4.55173329e-02  1.17454372e-01  1.34021565e-01  4.05590143e-03
     1.27647351e-02  2.64063161e-02  6.12020667e-04  1.88507009e-02]]

  [[-1.99479405e-02  3.27817615e-05  3.01995799e-02  7.73931816e-02
    -8.93265195e-03 -3.70057635e-02 -7.86775798e-02 -1.07084513e-01
    -6.15576617e-02  2.78043039e-02 -8.73964727e-02  7.44184777e-02
    -4.34642620e-02 -1.30703688e-01 -1.78446665e-01  3.91079709e-02
     1.43238395e-01  5.07801808e-02 -8.46492201e-02 -1.72740202e-02
     9.83916223e-03  1.42963111e-01 -8.94028544e-02 -9.69224945e-02
     2.11397689e-02 -9.77248624e-02 -1.40326843e-02  1.23309782e-02
     1.04025438e-01 -1.96593508e-01  1.71696737e-01  1.36765428e-02]]

  [[ 8.20409432e-02  8.55867788e-02 -7.78663456e-02 -5.14290668e-02
     8.60866755e-02 -1.70011614e-02  5.98235950e-02 -5.97070418e-02
    -1.12541109e-01 -7.16105402e-02  1.57814492e-02 -1.50857702e-01
     1.52538285e-01  1.61533892e-01  1.06620282e-01 -4.71841097e-02
     2.02773139e-02 -1.53086141e-01  1.58686459e-01 -5.59411608e-02
    -6.58936752e-03  1.38676837e-01 -1.67866006e-01  2.30804998e-02
     1.85381249e-01  1.82987571e-01  4.57132421e-02 -1.13679580e-01
    -3.13436501e-02  1.38347596e-01 -1.78245381e-01 -1.66338474e-01]]

  [[ 3.13191116e-02 -7.77870268e-02 -1.51924547e-02  1.54776782e-01
     3.71706076e-02  3.69429626e-02  1.48720726e-01 -2.03623567e-02
     9.32246372e-02 -4.85298336e-02 -1.22756816e-01 -8.90135318e-02
     1.04915664e-01  1.54337317e-01 -6.41970783e-02 -7.41150603e-02
    -8.95995721e-02 -1.52941465e-01  7.73527175e-02  4.49747890e-02
    -2.78049596e-02 -7.58248493e-02  9.39309821e-02 -1.33972779e-01
     9.19883996e-02  8.63113925e-02  8.83618668e-02 -1.36258096e-01
    -6.93846494e-02 -4.80887061e-03  1.56811640e-01 -9.24367383e-02]]]


 [[[-3.80647704e-02 -9.23081394e-03 -1.57303885e-01 -1.10338945e-02
     3.97696570e-02 -4.00361344e-02 -1.18765615e-01  4.53213267e-02
    -8.69409963e-02 -7.63181299e-02 -2.34176628e-02  8.37088749e-02
    -1.05024762e-01 -5.22284470e-02  1.37726683e-02  4.37333584e-02
    -8.13002810e-02  3.60917188e-02  1.17686227e-01 -1.21541351e-01
     7.26242065e-02  2.50345040e-02 -1.03260763e-02 -5.50776906e-02
     1.72431134e-02 -6.92091957e-02  1.36071205e-01  7.60640502e-02
    -3.44260596e-02  1.20051041e-01 -9.52145364e-03  1.02733590e-01]]

  [[ 8.45195260e-03  3.46571393e-02 -2.52691004e-02 -1.01181716e-01
     1.13007678e-02 -5.62531278e-02  8.16898644e-02 -9.25675258e-02
     9.61460918e-02  1.40163526e-01 -4.47285995e-02  4.56215590e-02
    -8.02530274e-02  1.36424169e-01 -1.60170034e-01  5.26912697e-03
     3.65586393e-02 -8.49992931e-02 -1.47255972e-01  3.38283293e-02
     2.96485648e-02  1.80869084e-02  6.40603378e-02 -3.04286703e-02
    -4.55651693e-02  6.81390092e-02 -1.63316429e-01  6.74879029e-02
     2.82595996e-02 -1.28980324e-01  2.81146839e-02  3.94915827e-02]]

  [[ 1.09575041e-01  1.54676646e-01 -6.03062473e-02 -1.54617399e-01
     8.83805230e-02  1.71429306e-01  9.52524096e-02  1.93375111e-01
     9.77834463e-02 -3.70265469e-02 -2.32458720e-03 -3.71731445e-02
     3.11594061e-03  1.32858649e-01  9.02878419e-02 -4.32614572e-02
    -1.03461318e-01  2.75064334e-02 -7.43172970e-03 -9.34057385e-02
     3.34704928e-02  8.11019987e-02  1.66540697e-01 -1.78549007e-01
    -6.67968020e-02  8.18900764e-02  1.53170452e-02  7.80298039e-02
     3.58710885e-02 -1.01534603e-03  1.00467000e-02  2.73590758e-02]]

  [[-2.01340280e-02 -1.47900149e-01 -9.90154818e-02  3.35172303e-02
    -2.26437189e-02  1.87257305e-02 -8.29996467e-02  3.16683389e-02
     6.38987571e-02 -1.21462725e-01  3.44607644e-02  2.79934537e-02
     7.20255775e-04  1.16607614e-01 -6.40644506e-02  9.89427119e-02
    -1.55165019e-02 -1.59512073e-01 -6.90484941e-02  1.09249242e-01
     2.63578147e-02 -5.96793070e-02  1.48846611e-01  9.64150876e-02
    -1.22306831e-01  9.06828344e-02 -7.61830211e-02 -5.72443241e-03
    -1.44552112e-01 -1.59854800e-01 -2.86393352e-02  3.60944457e-02]]

  [[ 1.80766024e-02  4.15034816e-02 -1.62920937e-01 -5.43005429e-02
    -6.71521500e-02  1.72709361e-01  4.87599149e-02 -5.81298918e-02
    -3.08087636e-02 -2.64144670e-02  1.04015552e-01 -6.32126108e-02
    -1.14010066e-01 -3.64175136e-03  4.09552939e-02  1.60921708e-01
     8.72112289e-02 -4.80714552e-02  7.93478191e-02  3.75700630e-02
    -6.95815980e-02  8.51103812e-02  1.58532917e-01 -2.87268478e-02
     1.18391879e-01  6.09406605e-02 -8.12489018e-02  4.60557230e-02
     4.85671684e-02  1.11624986e-01  9.77772027e-02  9.66439322e-02]]]


 [[[ 4.60183844e-02 -1.34627879e-01  9.59080905e-02 -1.78692862e-02
    -5.94762117e-02 -1.11782767e-01 -9.62436274e-02 -3.50688621e-02
     1.54184461e-01  5.96143156e-02  1.51230261e-01 -6.14145212e-02
    -8.42615813e-02 -1.78552922e-02  1.84039474e-01 -3.30910683e-02
    -5.50095178e-02 -1.43666327e-01 -9.21890289e-02  3.89213748e-02
    -4.65322257e-04  1.58006445e-01 -5.98061411e-03  5.05798636e-03
     1.12349592e-01 -7.81347454e-02  6.64739534e-02  1.26626551e-01
     6.71318099e-02 -1.88892952e-03 -2.11054906e-02  6.74797073e-02]]

  [[-1.14532635e-01  4.24766093e-02  1.70619726e-01 -5.10219410e-02
    -9.72006246e-02 -4.37044352e-02  2.60033715e-03  1.35349417e-02
    -1.55103058e-02  7.25042298e-02 -3.97840664e-02  2.53047273e-02
    -1.57889519e-02 -4.96189983e-04  9.83286053e-02 -3.02809887e-02
     5.56218298e-03 -1.87311590e-01 -1.76472679e-01 -1.36047810e-01
     5.93986623e-02 -1.54755369e-01 -4.23963740e-02  3.31976428e-03
     6.01152219e-02 -5.74287623e-02  7.30871186e-02 -3.22807841e-02
     2.76753330e-03  9.97864921e-03 -2.20869221e-02  1.43402681e-01]]

  [[ 1.26579359e-01 -5.51925786e-02 -3.52827907e-02  1.02623880e-01
     1.47136912e-01  1.19080972e-02 -2.25698948e-02  1.33286849e-01
    -1.24063455e-01 -2.41898317e-02 -5.51808104e-02  3.78731452e-02
    -9.35800225e-02 -9.99406427e-02  1.56110339e-03  4.76698764e-02
     1.41456677e-02  7.15135857e-02  1.58318818e-01  7.18234628e-02
     3.96969616e-02  6.73158839e-02 -1.29186988e-01 -6.39895275e-02
    -4.01886478e-02 -1.30459055e-01 -5.35127185e-02  7.56495073e-02
     3.80063355e-02  1.84822902e-01 -6.46257699e-02 -1.00317426e-01]]

  [[-2.50906870e-02 -6.47129714e-02  6.14372566e-02  1.58910632e-01
     1.10714287e-01  3.48390862e-02 -9.99182463e-02 -4.43060882e-02
     1.78390250e-01 -1.28700435e-01  3.65661806e-03  4.63862382e-02
     5.99566940e-03  4.37982678e-02 -1.37168244e-01  1.92847684e-01
    -2.41442248e-02 -2.37520915e-02 -1.02647789e-01  2.47131065e-02
    -1.19038835e-01  1.43025862e-02 -5.20491526e-02  3.65467817e-02
     7.34458417e-02 -1.04940936e-01  1.75766289e-01  2.08976492e-02
     4.33284640e-02 -1.63964078e-01  7.52951875e-02  7.92872980e-02]]

  [[-1.46827381e-02 -6.49945065e-02 -1.35879070e-01 -1.70476526e-01
    -1.14438429e-01 -8.89114514e-02 -3.82477534e-03 -3.04263532e-02
    -1.28033524e-02  1.74962014e-01  1.41174689e-01  1.31263629e-01
     1.71658453e-02 -1.33688882e-01  1.53695690e-02  5.25555611e-02
     4.52969037e-02 -1.58737302e-01 -6.24181964e-02  3.97490636e-02
     1.56600490e-01  6.04717433e-03  2.10658591e-02  5.29729091e-02
     1.19813800e-01  4.36324812e-02 -1.05611444e-01 -8.92906934e-02
     7.26263151e-02  1.26674414e-01 -1.17132269e-01  4.94307168e-02]]]


 [[[ 1.71654522e-02  9.77219343e-02  3.50074656e-02 -5.13201877e-02
    -2.78947931e-02 -7.29604736e-02 -1.20519185e-02  1.52597010e-01
     1.56371832e-01 -2.56179012e-02 -1.05527863e-01 -8.98518264e-02
     5.39352112e-02 -4.97425161e-02  7.70752877e-02  1.40434923e-02
    -1.02198340e-01 -4.92218472e-02 -6.96909726e-02 -1.16216086e-01
    -1.05980307e-01 -8.27003419e-02 -3.35586257e-02 -1.00898914e-01
    -7.03121349e-02  1.28153607e-01 -2.50164643e-02  3.29712369e-02
     1.37322652e-03  5.30155525e-02 -1.41406402e-01 -7.73296058e-02]]

  [[ 4.11779881e-02 -5.78000471e-02 -1.49674397e-02  1.84048295e-01
    -1.40319839e-01  8.03348199e-02  1.17336445e-01 -7.56779760e-02
    -7.98568204e-02 -1.41723096e-01  6.88923746e-02 -3.87311392e-02
    -1.47649601e-01 -2.11964771e-02  4.86878641e-02 -6.43166574e-03
     4.97192293e-02  1.48411483e-01 -8.32063556e-02 -1.15285844e-01
     3.56263737e-03  5.52780330e-02  1.11751836e-02  4.27361093e-02
    -1.10191166e-01  4.10453193e-02 -3.84376124e-02 -4.55610789e-02
    -6.98836371e-02  4.12802398e-02 -9.16492194e-02  9.02376026e-02]]

  [[-3.52114514e-02  1.06273636e-01 -1.92189962e-01  4.92069907e-02
     1.47230653e-02 -1.38249844e-01 -6.40615225e-02 -5.25810793e-02
    -1.47181839e-01  5.31563237e-02 -9.65242311e-02  2.70886645e-02
     2.17407383e-03  9.19340625e-02  3.45400758e-02 -1.26461074e-01
    -6.57600686e-02 -5.28864823e-02 -8.77511501e-02 -1.12023048e-01
     4.93243039e-02  8.34762603e-02 -9.61816534e-02 -6.88517615e-02
     1.29938535e-02 -1.04768030e-01  3.28074060e-02 -4.02630642e-02
    -4.68949452e-02  8.31570700e-02 -7.27685681e-03  2.10203584e-02]]

  [[ 1.03959739e-01 -2.31432598e-02 -2.95168627e-02  1.21210227e-02
     8.36377442e-02 -4.58197147e-02  2.43080761e-02 -3.83337736e-02
    -6.10795356e-02 -9.22653228e-02  1.95745930e-01 -1.29549757e-01
     3.36496904e-02 -9.53120738e-02 -1.01591408e-01  1.08392395e-01
    -4.58796695e-02  7.10638911e-02  6.55696392e-02 -1.47587031e-01
     1.34055033e-01 -1.23911232e-01  2.59197708e-02  1.51721016e-01
     5.97183034e-02  6.20490499e-02 -2.81619243e-02 -6.71950206e-02
     1.70687363e-01 -3.31617589e-03 -8.43438059e-02  5.50715141e-02]]

  [[-5.32586575e-02 -6.08301237e-02 -9.23429281e-02 -2.16193367e-02
    -1.07021630e-01  9.63954106e-02  6.20233975e-02 -3.04972176e-02
    -4.77864407e-03 -5.19711599e-02 -4.16361727e-02 -2.54910029e-02
     4.58365828e-02  3.35742044e-03  3.93281020e-02 -7.35683516e-02
     1.16729170e-01  5.03678806e-03 -3.60321328e-02 -7.33950958e-02
     6.80815354e-02  1.03680766e-03 -3.71655114e-02 -1.12079218e-01
    -1.52524784e-01  1.51646703e-01 -7.69427866e-02 -1.27911597e-01
    -1.61199376e-01  7.35609159e-02  1.25136793e-01  7.74434209e-02]]]]
CONV_1/b:0
[0.09989771 0.09909563 0.09978601 0.09810834 0.09841883 0.10165197
 0.10009378 0.09960306 0.09739613 0.10025713 0.09859306 0.10047352
 0.0989835  0.09980217 0.10043775 0.0996033  0.09832364 0.09874509
 0.09974024 0.09960148 0.10014068 0.09808489 0.09973495 0.09998742
 0.09946266 0.09953592 0.0988319  0.09884544 0.09706262 0.10162803
 0.09988888 0.09872027]
COV_2/W:0
[[[[ 6.87435120e-02  7.84029439e-02  6.51193112e-02 ...  4.27831933e-02
     2.24278383e-02  1.31370336e-01]
   [-5.37280925e-02  1.30662099e-01  4.95541580e-02 ...  1.18252598e-02
     5.33611961e-02  3.69675756e-02]
   [ 6.41735345e-02  6.15633614e-02  3.17849480e-02 ... -5.89212291e-02
    -5.91414571e-02  1.12886161e-01]
   ...
   [ 2.66169547e-03  1.95985019e-01  1.05046749e-01 ...  9.86136869e-02
    -4.01410572e-02  6.17396832e-02]
   [-3.43286097e-02  1.43730730e-01 -1.02992944e-01 ...  9.03197564e-03
    -8.84176344e-02 -1.21391743e-01]
   [ 1.45613462e-01 -6.27125427e-02  4.24507745e-02 ...  7.44420290e-02
    -1.86364097e-03  2.38345116e-02]]

  [[-4.67145331e-02 -9.01826099e-02  9.40677151e-02 ... -1.15619565e-03
    -1.59307327e-02  8.73475373e-02]
   [ 3.81271243e-02 -7.25843534e-02  1.20466560e-01 ... -5.32147884e-02
     1.41701028e-01  1.45358622e-01]
   [ 1.09094949e-02 -5.92867061e-02 -4.26947623e-02 ...  4.55648676e-02
    -9.13897157e-03 -2.20216196e-02]
   ...
   [ 1.10329643e-01 -7.85297155e-02 -1.01507373e-01 ...  1.44390832e-03
    -4.39450564e-03  7.94375613e-02]
   [ 5.68001792e-02 -2.01322278e-03  4.87743318e-02 ... -7.81514421e-02
     1.58541679e-01  4.79248837e-02]
   [-9.35860127e-02  1.01970218e-01 -1.66330244e-02 ...  5.02625331e-02
     1.60473078e-01 -5.04715219e-02]]

  [[-8.06028992e-02 -1.22736201e-01  7.22124055e-02 ... -4.02043443e-05
     2.10279953e-02 -1.80519611e-01]
   [ 4.33210544e-02 -1.38475290e-02  1.60306141e-01 ...  3.69440354e-02
    -2.48072725e-02  1.33794010e-01]
   [-4.11207490e-02  1.19565176e-02  1.27521586e-02 ...  1.08068615e-01
     2.48774905e-02 -4.45437618e-02]
   ...
   [ 3.16669568e-02  1.78002834e-01  3.08452956e-02 ... -4.34739515e-02
    -1.83847234e-01  1.11264132e-01]
   [-1.70474753e-01 -9.13840160e-02  1.81025058e-01 ... -1.86494529e-01
    -4.46224064e-02 -4.22316529e-02]
   [-1.10148542e-01 -3.10595054e-02  4.75070439e-02 ...  7.99552575e-02
     9.94051024e-02  1.12222351e-01]]

  [[-3.18223387e-02 -9.42576081e-02  8.11679363e-02 ... -7.21543133e-02
     8.95248428e-02  3.31351571e-02]
   [ 2.04218253e-02  1.64912641e-02  1.33683607e-02 ... -3.52152884e-02
    -1.68951601e-02 -3.55451666e-02]
   [-1.13633731e-02 -1.34183550e-02 -2.09420510e-02 ... -3.18455882e-02
    -2.88241077e-02 -1.13139503e-01]
   ...
   [-4.21400331e-02  1.56939939e-01  1.47778884e-01 ... -1.68430895e-01
     3.20352614e-02 -9.58508328e-02]
   [ 4.16106991e-02 -1.12573922e-01 -7.49408379e-02 ... -9.61249098e-02
    -8.78969580e-02 -7.98366312e-03]
   [-3.13547514e-02  1.52548209e-01 -3.50969918e-02 ...  4.49405797e-02
    -4.41148691e-03 -4.39475626e-02]]

  [[ 1.70285836e-01  4.98067215e-02  1.05184548e-01 ... -1.20509699e-01
    -1.13962479e-01 -8.51861984e-02]
   [ 2.64973976e-02 -7.65449256e-02  2.52000079e-03 ... -5.47906086e-02
     3.57475728e-02  4.77641225e-02]
   [ 1.51848663e-02 -1.66842695e-02 -1.29809260e-01 ... -1.02660187e-01
    -7.66954273e-02  1.32589653e-01]
   ...
   [ 2.64261961e-02 -7.62678161e-02 -1.48035616e-01 ...  1.71951845e-01
    -9.97719467e-02  1.89590510e-02]
   [-2.64278539e-02  7.58423563e-03 -5.20636626e-02 ...  5.49831018e-02
     1.90248474e-01 -1.74294248e-01]
   [ 3.61357257e-02 -1.31100891e-02 -1.57556776e-02 ... -1.51798621e-01
    -1.55239806e-01  2.43195668e-02]]]


 [[[ 2.93131731e-03  1.69273362e-01 -1.69994161e-01 ... -1.45510584e-01
    -3.48996595e-02 -8.31655040e-03]
   [ 5.80452308e-02  7.58312047e-02  2.32198574e-02 ... -1.74293593e-01
    -2.80108936e-02  4.70259078e-02]
   [ 5.84264919e-02 -6.87779114e-02 -9.13825631e-02 ... -5.81042096e-02
    -8.73756409e-03  1.44503579e-01]
   ...
   [ 2.91508827e-02  6.89358786e-02 -2.93520875e-02 ... -4.43518683e-02
     5.61790215e-03  2.02344246e-02]
   [ 1.39222533e-01 -3.87181379e-02 -3.16870250e-02 ... -1.51268154e-01
    -1.17189713e-01 -1.05965644e-01]
   [ 3.63516330e-04 -6.62665814e-02  1.72176450e-01 ...  8.88995640e-03
     1.45570472e-01 -7.10335150e-02]]

  [[-4.08002594e-03  5.96314222e-02  7.34205218e-03 ... -6.21881373e-02
     9.83721986e-02 -8.15613568e-02]
   [ 7.09006786e-02  9.95380804e-02  1.16345547e-01 ... -1.48956060e-01
    -9.88741685e-03 -9.84710753e-02]
   [-1.62993342e-01  5.86185493e-02 -1.99207217e-02 ...  4.94999699e-02
     1.27574757e-01  1.09764025e-01]
   ...
   [ 1.27468646e-01 -8.43855925e-03  6.08155876e-02 ...  3.19978781e-02
    -2.22266112e-02 -4.96339984e-04]
   [ 7.42739812e-02  6.84448108e-02 -2.51474325e-02 ... -1.04097255e-01
    -2.96769533e-02 -3.70862857e-02]
   [ 3.58150192e-02  2.72041798e-05 -5.47683276e-02 ...  3.68674919e-02
    -6.93140849e-02  7.57359490e-02]]

  [[ 1.51910819e-02 -1.56765282e-02  8.99475515e-02 ... -4.12012599e-02
    -1.48042038e-01  8.85375077e-04]
   [-5.45611605e-02  5.13796248e-02  8.72078016e-02 ... -2.78329179e-02
    -8.01078975e-03 -1.14919640e-01]
   [ 1.02706820e-01  1.15217805e-01  1.82891246e-02 ... -1.12709753e-01
     3.65098030e-03  3.91237922e-02]
   ...
   [-3.41991847e-03 -1.03973247e-01  1.28096985e-02 ...  6.91942032e-03
    -2.36697569e-02  1.02140740e-01]
   [ 3.61417830e-02 -1.62546299e-02  3.60200331e-02 ... -9.91548449e-02
    -1.17922323e-02  4.92697172e-02]
   [ 2.22337320e-02 -1.20432470e-02 -1.47651762e-01 ...  1.37731373e-01
    -9.14146304e-02 -5.95091004e-03]]

  [[-3.63470651e-02 -5.08056730e-02 -2.28388770e-03 ...  1.47252306e-01
     8.18881113e-03 -9.81135666e-02]
   [-3.70636024e-02 -7.64423050e-03  1.80252769e-03 ...  2.53196396e-02
     7.44247288e-02  1.40339404e-01]
   [-1.68691173e-01 -7.11628795e-02 -1.19835168e-01 ...  6.21646196e-02
     2.46858485e-02 -4.53300364e-02]
   ...
   [ 1.57073848e-02  4.20154147e-02 -5.59137110e-03 ...  9.45696384e-02
    -1.96241841e-01 -1.91077217e-02]
   [ 3.91941965e-02  1.16553213e-02  1.39714452e-02 ...  2.69287582e-02
     1.64630502e-01 -1.55486390e-01]
   [ 1.94531877e-03  3.21790911e-02  1.20943156e-03 ... -6.77313656e-02
    -1.48050180e-02  1.48765206e-01]]

  [[ 1.33444041e-01 -4.75282371e-02 -1.22098193e-01 ...  1.22677553e-02
    -2.11967174e-02  1.21210299e-01]
   [-6.28491864e-02 -1.46903515e-01 -1.62348643e-01 ...  1.33487925e-01
     1.85644045e-01  6.38480633e-02]
   [ 4.60392237e-02 -1.71705242e-02 -3.45101394e-02 ... -5.77355064e-02
    -1.01728112e-01 -7.91497305e-02]
   ...
   [ 2.03344282e-02  3.31904255e-02 -2.08764710e-02 ...  8.98618847e-02
     5.52389910e-03 -9.20461714e-02]
   [ 6.23822138e-02 -8.16362947e-02 -7.92872235e-02 ...  1.13522187e-01
    -4.11982462e-02 -4.61110175e-02]
   [-4.55292091e-02  8.29821359e-03 -5.59031889e-02 ...  6.28097281e-02
     1.52814863e-02 -6.83216378e-02]]]


 [[[ 2.94772591e-02 -9.72894505e-02 -7.63162002e-02 ... -1.09816240e-02
    -8.97199884e-02  5.43239973e-02]
   [ 1.40220940e-01  2.66920635e-03 -9.66663733e-02 ... -8.60024914e-02
    -5.69968522e-02  6.35038689e-02]
   [-1.30347729e-01 -1.30953863e-01 -2.25644037e-02 ...  1.63105339e-01
    -1.51097227e-03 -1.52990088e-01]
   ...
   [-8.45173746e-02  1.26355201e-01 -5.62091321e-02 ...  1.79872617e-01
     9.14373398e-02 -1.29457876e-01]
   [-1.88817547e-04  6.96825981e-02  8.00689384e-02 ...  3.30944099e-02
     1.52772442e-01  7.12845251e-02]
   [-1.81218669e-01 -6.91755116e-03 -3.02439202e-02 ...  1.51653558e-01
     5.81478812e-02 -1.05081640e-01]]

  [[ 4.26680148e-02  2.51349248e-02 -1.25079796e-01 ... -1.13830110e-02
    -2.35934705e-02 -1.67658761e-01]
   [ 1.27391770e-01  3.64621915e-02 -5.79128321e-03 ... -9.97993276e-02
    -1.03381611e-02  1.85350943e-02]
   [-3.50918509e-02  8.02664533e-02  1.76087946e-01 ... -2.23497562e-02
     7.57585391e-02  1.41589731e-01]
   ...
   [ 1.41513631e-01  1.04029849e-01 -3.70576978e-02 ...  6.23096898e-02
    -7.58611262e-02 -2.05334313e-02]
   [ 3.85507084e-02 -1.60202682e-01 -1.11400411e-02 ... -5.57423905e-02
    -1.81631580e-01  1.48177728e-01]
   [-4.79926765e-02 -8.85497779e-03  4.08638306e-02 ...  7.55101144e-02
    -4.20677252e-02 -3.19917724e-02]]

  [[ 2.12132325e-03  5.47661409e-02  6.55111521e-02 ...  1.04420809e-02
     7.41578639e-02  1.99039117e-01]
   [ 1.07611462e-01  2.21365299e-02 -3.93369719e-02 ... -1.96850672e-02
     1.78641990e-01 -5.25409877e-02]
   [ 1.09638162e-01  2.61219498e-02  1.55596673e-01 ...  3.07988655e-03
     9.29769576e-02 -1.06033035e-01]
   ...
   [ 5.16056307e-02  5.48273884e-03 -1.63694322e-01 ... -5.63243702e-02
     4.01742570e-02  1.38862953e-02]
   [-7.09261920e-04  1.03804000e-01  1.09326378e-01 ... -1.27321541e-01
    -1.68537293e-02  8.79226774e-02]
   [ 1.73938558e-01 -1.34334043e-02 -2.42851600e-02 ...  2.22998559e-02
     1.57272935e-01 -1.88298468e-02]]

  [[ 1.46292392e-02  1.21976808e-02 -1.56882435e-01 ... -1.84407339e-01
     7.05530792e-02  3.66432145e-02]
   [-1.32273003e-01 -8.02314654e-02  6.71025738e-02 ... -2.91951224e-02
     9.52569693e-02  3.83324213e-02]
   [-7.19178319e-02 -9.99293327e-02 -2.64935493e-02 ...  8.42184201e-02
     5.10510579e-02  1.29496325e-02]
   ...
   [-7.57406950e-02  1.18857406e-01  5.21602072e-02 ... -6.75411895e-02
    -5.91495112e-02  4.29128408e-02]
   [ 2.64733694e-02 -1.37709200e-01 -6.76684752e-02 ...  1.37519017e-02
    -6.40724301e-02 -4.40903530e-02]
   [ 5.49086444e-02 -1.00807911e-02  1.48725972e-01 ...  3.44558395e-02
    -3.68513428e-02  1.18144110e-01]]

  [[-3.69280316e-02  3.32158692e-02 -5.65646403e-02 ...  7.03706294e-02
     4.02217992e-02  1.58872619e-01]
   [ 2.64364276e-02 -2.73217745e-02 -1.36338472e-01 ...  3.87187637e-02
     5.20445704e-02  1.43315628e-01]
   [-3.21860798e-02 -3.27889398e-02  1.34364873e-01 ...  9.01209041e-02
     8.61618817e-02 -1.70418814e-01]
   ...
   [ 4.71191714e-03  1.05771355e-01  2.02574357e-02 ...  1.68388829e-01
     3.67611088e-02 -5.20515591e-02]
   [-7.88057745e-02  1.61506012e-02 -3.49372253e-02 ... -8.81658718e-02
     1.44240066e-01 -1.66357726e-01]
   [-2.90774759e-02  2.50375289e-02  9.89103764e-02 ... -7.47673213e-02
    -1.31112695e-01 -5.56976050e-02]]]


 [[[-1.68303311e-01 -5.35736084e-02  5.17540937e-03 ...  4.03686054e-02
     1.74991369e-01  6.60089031e-02]
   [-1.33563235e-01  7.24800006e-02 -3.73775661e-02 ...  1.58667520e-01
    -2.41197068e-02 -9.04415250e-02]
   [-5.90008348e-02 -7.49745918e-03  1.27831951e-01 ... -9.18542668e-02
     1.17943011e-01 -1.21747829e-01]
   ...
   [ 6.64352924e-02 -1.04063608e-01  2.40576398e-02 ...  8.24680403e-02
    -8.39045569e-02 -1.24666048e-02]
   [-1.37076164e-02 -4.66619693e-02 -5.33077754e-02 ...  1.04991056e-01
    -1.57743599e-02  1.30145371e-01]
   [ 7.97718018e-02 -8.24590996e-02  7.80860102e-03 ...  3.63720879e-02
    -8.83744210e-02  2.96796467e-02]]

  [[-1.55025691e-01 -1.53744459e-01  6.34236261e-02 ... -2.45719627e-02
     3.47887874e-02 -2.64358725e-02]
   [ 5.87640703e-02  5.45162782e-02  6.54401165e-03 ... -1.69400737e-01
     2.45601349e-02  1.07243229e-02]
   [ 2.45138537e-02  1.75684378e-01 -1.72229141e-01 ...  5.54971769e-02
    -6.81925043e-02  1.69513021e-02]
   ...
   [ 5.23568653e-02  1.13409953e-02  1.60328666e-04 ...  9.86317322e-02
     2.48710178e-02  7.75739923e-02]
   [ 1.66549310e-01  2.91868709e-02 -9.50892940e-02 ...  9.48268827e-03
    -3.17784399e-02  1.99927017e-01]
   [ 1.69090498e-02  1.00810274e-01 -1.60503790e-01 ... -8.50013830e-03
    -1.92778796e-01  2.12412290e-02]]

  [[-1.39837340e-01 -5.51560596e-02 -8.99427198e-03 ... -1.31895123e-02
    -3.82705852e-02 -7.27048442e-02]
   [-1.87495962e-01 -1.01902880e-01  5.07646240e-02 ... -5.75085245e-02
     4.73400857e-03  1.22019552e-01]
   [ 1.11923493e-01  5.57318926e-02 -1.02753937e-02 ... -2.07448080e-02
    -2.57319398e-02 -7.16756806e-02]
   ...
   [-1.55664533e-01  1.55627355e-01  3.86372469e-02 ...  4.06140983e-02
    -4.93922941e-02  5.93231767e-02]
   [ 2.32958179e-02 -6.60372674e-02  3.71570811e-02 ... -1.06292441e-02
     2.47499123e-02 -6.28153980e-02]
   [-5.06222434e-02  3.59389484e-02  6.58647344e-02 ... -8.89879689e-02
     1.01488858e-01  2.53054947e-02]]

  [[ 6.21817149e-02  1.82158127e-02  1.01505674e-01 ... -1.23870380e-01
     9.42470580e-02 -4.41789739e-02]
   [-4.54133935e-02 -2.00995784e-02  4.48515899e-02 ... -6.67368202e-03
     3.93737666e-02 -1.29376695e-01]
   [-1.20377943e-01  9.63787828e-03 -2.09526811e-02 ... -6.47680759e-02
     8.04053098e-02  7.30590969e-02]
   ...
   [-6.18996285e-02 -1.17691033e-01  5.04604392e-02 ...  6.24798145e-03
    -1.30475551e-01  7.42712691e-02]
   [ 2.40467526e-02 -1.20033048e-01  1.29774036e-02 ... -3.53571400e-02
     4.60826717e-02  8.35583135e-02]
   [-5.10257073e-02  5.04154824e-02 -1.81112830e-02 ...  1.83170065e-02
     9.23402905e-02 -9.28164572e-02]]

  [[ 5.10337092e-02  3.13615538e-02 -3.83026004e-02 ...  7.30025545e-02
     7.01994374e-02  9.65007693e-02]
   [ 4.42370325e-02 -7.76577368e-03 -9.81240999e-04 ... -5.94486371e-02
    -1.44255489e-01 -1.26396522e-01]
   [-1.59183800e-01 -1.79965556e-01 -8.77064839e-02 ... -2.77673882e-02
     1.17769875e-02 -3.32938768e-02]
   ...
   [-6.83872849e-02  5.32511994e-03  1.91504642e-01 ... -1.54308015e-02
    -1.09843783e-01  1.60880655e-01]
   [-1.40131479e-02  6.81418180e-02 -1.11973144e-01 ...  2.01690998e-02
    -3.56099308e-02 -1.80741146e-01]
   [-1.76294090e-03 -7.47420266e-02  3.16506326e-02 ... -6.13742582e-02
     9.54906493e-02 -1.07300952e-02]]]


 [[[-3.74212116e-02  6.84231445e-02  8.37172440e-04 ... -2.38483376e-03
    -2.27039084e-02 -4.32327352e-02]
   [-8.12475458e-02  6.71547055e-02  1.95844248e-01 ...  2.73781586e-02
     2.58494448e-02  1.33690033e-02]
   [ 8.75390321e-03  4.58698310e-02 -3.21136974e-02 ...  1.04964294e-01
     4.38733548e-02  2.01327149e-02]
   ...
   [-5.77276535e-02 -5.75500354e-03  1.02639094e-01 ...  1.18920617e-01
    -1.16893098e-01  1.58300892e-01]
   [-5.38221225e-02  4.56242524e-02  3.07979109e-03 ... -5.19868592e-03
     7.17290565e-02 -1.05369844e-01]
   [ 1.25669185e-02  1.59484148e-02  2.38690861e-02 ... -5.76457605e-02
     1.18015051e-01 -9.14494246e-02]]

  [[ 8.74231979e-02  4.09136117e-02  1.20014988e-01 ...  4.04435806e-02
    -9.34954807e-02 -6.77144751e-02]
   [-1.73472792e-01  4.39717099e-02  7.71424398e-02 ...  1.69929117e-02
     4.67783622e-02 -3.18328179e-02]
   [ 6.19486682e-02 -2.04043947e-02 -1.95705175e-01 ... -8.71654302e-02
     7.17772990e-02 -1.65104508e-01]
   ...
   [ 4.22377773e-02 -4.15313244e-02 -3.68382968e-02 ... -3.54937464e-02
    -4.98724636e-03 -6.83695823e-02]
   [-9.03817415e-02  4.91603799e-02  1.92121007e-02 ...  4.53522522e-03
    -1.34579353e-02  3.68678235e-02]
   [ 1.07810557e-01  5.15504703e-02  7.28678852e-02 ...  6.58184588e-02
     1.71307608e-01  9.48004201e-02]]

  [[ 1.19392224e-01  6.61412627e-02 -1.21616535e-01 ...  1.17180213e-01
    -7.63982087e-02  1.09927692e-01]
   [ 9.34855733e-03 -1.68534033e-02 -1.57452486e-02 ...  6.51850551e-02
     8.71011317e-02  3.49427611e-02]
   [-1.70442790e-01 -1.36310816e-01  1.65892318e-01 ... -5.87537549e-02
    -4.07722779e-02 -4.37122062e-02]
   ...
   [-6.46635517e-02  1.22681670e-01  5.32075390e-02 ...  1.23087376e-01
    -1.18792549e-01  2.55398918e-02]
   [ 6.52306750e-02 -4.09625331e-03  4.18684930e-02 ...  1.76036805e-01
    -3.76353487e-02  7.76003525e-02]
   [ 9.43458229e-02  2.65722107e-02  3.69886830e-02 ...  3.84376310e-02
    -1.21118777e-01  1.30832836e-01]]

  [[ 6.53572306e-02  3.80925983e-02  1.34565486e-02 ...  1.17508873e-01
     4.38203327e-02  9.31475032e-03]
   [-8.14569145e-02  2.81394087e-02  1.05254101e-02 ... -6.88141957e-02
    -1.03216590e-02 -1.97571628e-02]
   [ 4.99782898e-02 -1.52537748e-01 -6.30695894e-02 ...  9.89883021e-02
    -1.86666578e-01  5.45501597e-02]
   ...
   [-3.34546641e-02  3.26608233e-02  5.33163140e-04 ...  7.95538872e-02
    -2.46458836e-02  4.19396758e-02]
   [-1.97128326e-01 -3.49756926e-02  8.53762552e-02 ... -6.95308894e-02
    -6.26250505e-02  9.76000447e-03]
   [ 5.88829396e-03  5.32654747e-02 -1.41814807e-02 ...  1.39371995e-02
     1.34150237e-02 -2.57404391e-02]]

  [[ 5.95554113e-02 -1.11880504e-01  8.73104408e-02 ...  1.89305380e-01
     8.27819258e-02  1.10099260e-02]
   [-1.17985078e-03  3.68107334e-02 -7.19359070e-02 ... -1.33875236e-01
     7.48429149e-02 -3.90865132e-02]
   [ 4.51365672e-03 -3.00732963e-02 -7.68790320e-02 ... -7.35333236e-03
     1.49149626e-01  5.19881770e-02]
   ...
   [-1.11684971e-01 -5.12173511e-02  1.27691597e-01 ... -5.73859513e-02
    -1.45556062e-01  1.79040268e-01]
   [ 5.60682006e-02 -8.51223096e-02 -2.74969302e-02 ... -1.56664569e-02
     1.65027514e-01 -2.54873093e-02]
   [ 4.88079526e-03 -1.13991730e-01  7.76629522e-02 ... -1.57160778e-02
    -7.71418586e-02 -6.36602566e-02]]]]
COV_2/b:0
[0.10218511 0.09966253 0.09987008 0.1001167  0.09952269 0.10131299
 0.09960726 0.09869593 0.0993816  0.09933379 0.09897857 0.09945496
 0.09984691 0.10164704 0.09908631 0.1004563  0.10096538 0.10027134
 0.09902029 0.09940082 0.10011117 0.09845468 0.10071701 0.10066824
 0.10038323 0.09960783 0.10096606 0.09891585 0.09737076 0.10091873
 0.1002937  0.09918685 0.10007105 0.10000549 0.09924142 0.10077778
 0.09867201 0.09996372 0.09922563 0.10084043 0.0991696  0.10045459
 0.09893013 0.09944983 0.09991923 0.09984656 0.10050365 0.10024984
 0.09952502 0.09971835 0.09865905 0.09935154 0.10024087 0.09914672
 0.09927839 0.0992619  0.10105383 0.09918296 0.09933285 0.0998836
 0.10050849 0.10043863 0.09763528 0.10125978]
MLP_1/W_fc:0
[[-1.2293052e-01 -3.2663219e-02  1.3767555e-04 ... -5.6033399e-02
  -6.3773625e-02  4.7940042e-02]
 [ 1.4451411e-01 -2.5721410e-02 -2.4524141e-02 ... -4.5692688e-03
  -3.4268271e-02 -8.2851142e-02]
 [-1.1013416e-01  1.5594117e-01  7.3229432e-02 ...  7.2718717e-02
  -3.0405834e-02  6.6420040e-03]
 ...
 [ 6.1906584e-02 -1.0387095e-01  9.0777598e-02 ...  4.8338134e-02
  -1.9343841e-01 -1.1446228e-01]
 [ 7.6401584e-02  2.8784063e-02  3.6117196e-02 ... -1.0339121e-02
   7.2533451e-02 -2.3416185e-03]
 [-6.0799323e-02  8.6665452e-02 -4.3433592e-02 ... -3.1337727e-02
  -1.4141242e-01 -8.9804500e-02]]
MLP_1/bias_fc:0
[0.09923737 0.09974521 0.09912759 ... 0.1        0.1        0.09993402]
MLP_2/W_fc:0
[[ 0.01487893  0.00859714 -0.10808838 ...  0.06720718 -0.02061003
  -0.02153233]
 [ 0.04442285  0.12033825 -0.06989606 ...  0.02627261 -0.0278343
   0.00891416]
 [-0.015903   -0.03972392 -0.16911232 ...  0.0229109   0.03449454
   0.02185429]
 ...
 [ 0.04578847  0.05683444  0.07203116 ... -0.00183092  0.03967898
  -0.02956157]
 [ 0.03289409 -0.05976142  0.17180088 ...  0.00764564  0.04848026
  -0.05730836]
 [ 0.07679997 -0.05463577  0.15318851 ... -0.06144364 -0.07507769
  -0.06561861]]
MLP_2/bias_fc:0
[0.09951079 0.1003712  0.10035685 0.09975848 0.10043348 0.09987959
 0.09983507 0.10027786 0.10031148 0.10038494]
